SV_type	Ref_chr	Ref_start	Ref_end	Ref_Size	Qry_chr	Qry_start	Qry_end	Qry_Size	SV_ID
Deletion	SL4.0ch01	35413	35423	10	SPIMPch01	63048	63048	0	SV_w_5206
Insertion	SL4.0ch01	36960	36960	0	SPIMPch01	64584	64710	126	SV_w_5207
Insertion	SL4.0ch01	71372	71372	0	SPIMPch01	99170	99214	44	SV_w_5209
Insertion	SL4.0ch01	74009	74009	0	SPIMPch01	101861	101909	48	SV_w_5210
Insertion	SL4.0ch01	75412	75412	0	SPIMPch01	103310	103324	14	SV_w_5211
Deletion	SL4.0ch01	79017	79276	259	SPIMPch01	106926	106926	0	SV_w_5212
Insertion	SL4.0ch01	80933	80933	0	SPIMPch01	108601	108611	10	SV_w_5213
Insertion	SL4.0ch01	89975	89975	0	SPIMPch01	117661	117672	11	SV_w_5214
Insertion	SL4.0ch01	94771	94771	0	SPIMPch01	122456	122475	19	SV_w_5216
Insertion	SL4.0ch01	95000	95000	0	SPIMPch01	122704	122749	45	SV_w_5217
Insertion	SL4.0ch01	95657	95657	0	SPIMPch01	123413	123437	24	SV_w_5218
Insertion	SL4.0ch01	95934	95934	0	SPIMPch01	123712	123729	17	SV_w_5219
Insertion	SL4.0ch01	97613	97613	0	SPIMPch01	125412	125437	25	SV_w_5220
Insertion	SL4.0ch01	98835	98835	0	SPIMPch01	126660	126679	19	SV_w_5221
Insertion	SL4.0ch01	102409	102409	0	SPIMPch01	130248	130260	12	SV_w_5223
Insertion	SL4.0ch01	102547	102547	0	SPIMPch01	130398	130413	15	SV_w_5224
Insertion	SL4.0ch01	110775	110775	0	SPIMPch01	139191	139208	17	SV_w_5226
Repeat_expansion/INS	SL4.0ch01	111205	111205	0	SPIMPch01	139645	139790	145	SV_b_17142a
Deletion	SL4.0ch01	112968	112989	21	SPIMPch01	141562	141562	0	SV_w_11220
Repeat_expansion/INS	SL4.0ch01	113561	113617	56	SPIMPch01	142126	142284	158	SV_b_17144a
Insertion	SL4.0ch01	127503	127503	0	SPIMPch01	156066	156078	12	SV_w_10368
Repeat_contraction/DEL	SL4.0ch01	128401	128647	246	SPIMPch01	156984	157085	101	SV_b_17145a
Deletion	SL4.0ch01	129259	129270	11	SPIMPch01	157697	157697	0	SV_w_10337
Insertion	SL4.0ch01	131018	131018	0	SPIMPch01	159445	159976	531	SV_w_10338
Insertion	SL4.0ch01	140866	140866	0	SPIMPch01	169836	169881	45	SV_w_10341
Deletion	SL4.0ch01	142012	142024	12	SPIMPch01	171040	171040	0	SV_w_10342
Deletion/Substitution	SL4.0ch01	144624	144685	61	SPIMPch01	173642	173649	7	SV_w_10343
Deletion	SL4.0ch01	149240	149254	14	SPIMPch01	178218	178218	0	SV_w_7252
Deletion	SL4.0ch01	164524	164551	27	SPIMPch01	193528	193528	0	SV_w_7255
Insertion	SL4.0ch01	173701	173701	0	SPIMPch01	202678	202689	11	SV_w_7256
Insertion	SL4.0ch01	176138	176138	0	SPIMPch01	205127	205193	66	SV_w_7257
Repeat_expansion	SL4.0ch01	197481	197501	20	SPIMPch01	226550	227320	770	SV_b_17147
Insertion	SL4.0ch01	213885	213885	0	SPIMPch01	243566	243582	16	SV_w_5518
Deletion	SL4.0ch01	222905	222919	14	SPIMPch01	252590	252590	0	SV_w_5519
Deletion	SL4.0ch01	223676	223686	10	SPIMPch01	253348	253348	0	SV_w_5520
Deletion	SL4.0ch01	223849	223882	33	SPIMPch01	253511	253511	0	SV_w_5521
Insertion	SL4.0ch01	243020	243020	0	SPIMPch01	272651	272684	33	SV_w_5523
Deletion	SL4.0ch01	244157	244175	18	SPIMPch01	273821	273821	0	SV_w_5524
Deletion	SL4.0ch01	245053	245073	20	SPIMPch01	274698	274698	0	SV_w_5525
Deletion	SL4.0ch01	256662	256736	74	SPIMPch01	286284	286284	0	SV_w_5526
Deletion	SL4.0ch01	257955	257986	31	SPIMPch01	287495	287495	0	SV_w_5527
Insertion	SL4.0ch01	265355	265355	0	SPIMPch01	294887	294901	14	SV_w_5529
Deletion	SL4.0ch01	266438	266473	35	SPIMPch01	295984	295984	0	SV_w_5530
Substitution	SL4.0ch01	284300	284370	70	SPIMPch01	313922	313996	74	SV_b_17149
Deletion	SL4.0ch01	284746	284758	12	SPIMPch01	314371	314371	0	SV_w_10889
Deletion	SL4.0ch01	289951	289961	10	SPIMPch01	319565	319565	0	SV_w_10890
Substitution	SL4.0ch01	290214	290280	66	SPIMPch01	319818	319882	64	SV_b_17150
Insertion	SL4.0ch01	291958	291958	0	SPIMPch01	321569	321587	18	SV_w_10767
Deletion	SL4.0ch01	292934	292952	18	SPIMPch01	322564	322564	0	SV_w_10768
Insertion	SL4.0ch01	293543	293543	0	SPIMPch01	323155	323172	17	SV_w_10769
Insertion	SL4.0ch01	294825	294825	0	SPIMPch01	324456	324467	11	SV_w_10770
Insertion	SL4.0ch01	297306	297306	0	SPIMPch01	326940	326962	22	SV_w_10771
Deletion	SL4.0ch01	302548	302561	13	SPIMPch01	332193	332193	0	SV_w_10653
Deletion	SL4.0ch01	302871	302888	17	SPIMPch01	332504	332504	0	SV_w_10654
Deletion	SL4.0ch01	307568	307581	13	SPIMPch01	337182	337182	0	SV_w_10655
Deletion	SL4.0ch01	315770	315807	37	SPIMPch01	345505	345505	0	SV_w_9010
Deletion	SL4.0ch01	318597	318607	10	SPIMPch01	348304	348304	0	SV_w_9011
Insertion	SL4.0ch01	322842	322842	0	SPIMPch01	352543	352553	10	SV_w_9012
Deletion	SL4.0ch01	328731	328763	32	SPIMPch01	358440	358440	0	SV_w_9013
Insertion	SL4.0ch01	332642	332642	0	SPIMPch01	362311	362336	25	SV_w_9014
Insertion	SL4.0ch01	332722	332722	0	SPIMPch01	362416	362431	15	SV_w_9015
Insertion	SL4.0ch01	333017	333017	0	SPIMPch01	362717	362750	33	SV_w_9016
Insertion	SL4.0ch01	334961	334961	0	SPIMPch01	364697	364729	32	SV_w_9017
Deletion	SL4.0ch01	335462	335474	12	SPIMPch01	365246	365246	0	SV_w_9019
Insertion	SL4.0ch01	337405	337405	0	SPIMPch01	367177	367209	32	SV_w_9020
Deletion	SL4.0ch01	337588	337606	18	SPIMPch01	367392	367392	0	SV_w_9021
Insertion	SL4.0ch01	337666	337666	0	SPIMPch01	367452	367806	354	SV_w_9022
Insertion	SL4.0ch01	338254	338254	0	SPIMPch01	368394	368407	13	SV_w_9023
Deletion	SL4.0ch01	341624	341689	65	SPIMPch01	371773	371773	0	SV_w_9024
Deletion	SL4.0ch01	341847	344046	2199	SPIMPch01	371931	371931	0	SV_w_9025
Deletion	SL4.0ch01	358422	358461	39	SPIMPch01	386335	386335	0	SV_w_8603
Deletion	SL4.0ch01	362655	362666	11	SPIMPch01	390534	390534	0	SV_w_8604
Insertion	SL4.0ch01	370386	370386	0	SPIMPch01	398244	398254	10	SV_w_8605
Deletion	SL4.0ch01	387528	387550	22	SPIMPch01	415391	415391	0	SV_w_8606
Deletion	SL4.0ch01	388481	388491	10	SPIMPch01	416322	416322	0	SV_w_8607
Deletion	SL4.0ch01	390875	390885	10	SPIMPch01	418707	418707	0	SV_w_8608
Insertion	SL4.0ch01	391714	391714	0	SPIMPch01	419532	419542	10	SV_w_4425
Deletion	SL4.0ch01	391722	391743	21	SPIMPch01	419550	419550	0	SV_w_4426
Deletion	SL4.0ch01	439955	439981	26	SPIMPch01	467778	467778	0	SV_w_4428
Deletion	SL4.0ch01	451013	451109	96	SPIMPch01	478819	478819	0	SV_w_4429
Deletion	SL4.0ch01	451937	451965	28	SPIMPch01	479643	479643	0	SV_w_4430
Deletion	SL4.0ch01	453564	453582	18	SPIMPch01	481189	481189	0	SV_w_4432
Insertion	SL4.0ch01	453757	453757	0	SPIMPch01	481358	481489	131	SV_w_4433
Insertion	SL4.0ch01	457248	457248	0	SPIMPch01	484970	484982	12	SV_w_4434
Deletion	SL4.0ch01	458466	458491	25	SPIMPch01	486208	486208	0	SV_w_4435
Deletion	SL4.0ch01	466248	466273	25	SPIMPch01	493970	493970	0	SV_w_4436
Insertion	SL4.0ch01	467574	467574	0	SPIMPch01	495273	495283	10	SV_w_4437
Insertion	SL4.0ch01	468895	468895	0	SPIMPch01	496605	496635	30	SV_w_4438
Insertion	SL4.0ch01	476703	476703	0	SPIMPch01	504448	504460	12	SV_w_4439
Insertion	SL4.0ch01	498288	498288	0	SPIMPch01	526081	526093	12	SV_w_4441
Repeat_expansion/INS	SL4.0ch01	505668	505668	0	SPIMPch01	535217	539733	4516	SV_b_17156b
Insertion	SL4.0ch01	510131	510131	0	SPIMPch01	544196	544208	12	SV_w_10698
Insertion	SL4.0ch01	510680	510680	0	SPIMPch01	544759	544788	29	SV_w_10699
Insertion	SL4.0ch01	510988	510988	0	SPIMPch01	545096	545127	31	SV_w_10700
Insertion	SL4.0ch01	516581	516581	0	SPIMPch01	550749	550761	12	SV_w_10702
Deletion	SL4.0ch01	518610	518681	71	SPIMPch01	552792	552792	0	SV_w_10703
Deletion	SL4.0ch01	528123	528137	14	SPIMPch01	562227	562227	0	SV_w_10675
Deletion	SL4.0ch01	529001	529065	64	SPIMPch01	563091	563091	0	SV_w_10676
Deletion	SL4.0ch01	533698	533748	50	SPIMPch01	567702	567702	0	SV_w_10678
Insertion	SL4.0ch01	541767	541767	0	SPIMPch01	575695	575707	12	SV_w_7136
Insertion	SL4.0ch01	561588	561588	0	SPIMPch01	595525	595576	51	SV_w_7137
Insertion	SL4.0ch01	570132	570132	0	SPIMPch01	604121	604200	79	SV_w_7138
Tandem_expansion/INS	SL4.0ch01	591031	591043	12	SPIMPch01	625147	628638	3491	SV_b_17161a
Insertion	SL4.0ch01	592586	592586	0	SPIMPch01	630277	630313	36	SV_w_10528
Deletion	SL4.0ch01	593483	593494	11	SPIMPch01	631204	631204	0	SV_w_10529
Deletion	SL4.0ch01	606958	606968	10	SPIMPch01	644672	644672	0	SV_w_10794
Insertion	SL4.0ch01	608980	608980	0	SPIMPch01	646679	646689	10	SV_w_10795
Substitution	SL4.0ch01	609846	609905	59	SPIMPch01	647555	647615	60	SV_b_17163
Insertion	SL4.0ch01	611220	611220	0	SPIMPch01	648935	649170	235	SV_w_10263
Deletion	SL4.0ch01	621568	621580	12	SPIMPch01	659614	659614	0	SV_w_10265
Insertion	SL4.0ch01	635788	635788	0	SPIMPch01	673809	673824	15	SV_w_2995
Deletion	SL4.0ch01	647151	647164	13	SPIMPch01	685250	685250	0	SV_w_2997
Insertion	SL4.0ch01	651945	651945	0	SPIMPch01	690036	690046	10	SV_w_2998
Deletion	SL4.0ch01	658195	658213	18	SPIMPch01	696294	696294	0	SV_w_2999
Deletion	SL4.0ch01	662913	662994	81	SPIMPch01	701006	701006	0	SV_w_3000
Insertion	SL4.0ch01	666416	666416	0	SPIMPch01	704426	704450	24	SV_w_3001
Insertion	SL4.0ch01	671233	671233	0	SPIMPch01	709278	709318	40	SV_w_3003
Deletion	SL4.0ch01	758377	758389	12	SPIMPch01	796440	796440	0	SV_w_3006
Insertion	SL4.0ch01	759430	759430	0	SPIMPch01	797482	797661	179	SV_w_3007
Deletion	SL4.0ch01	759449	759467	18	SPIMPch01	797680	797680	0	SV_w_3008
Insertion	SL4.0ch01	763304	763304	0	SPIMPch01	801529	801548	19	SV_w_3009
Deletion	SL4.0ch01	766017	766050	33	SPIMPch01	804219	804219	0	SV_w_6371
Insertion	SL4.0ch01	771442	771442	0	SPIMPch01	809616	810056	440	SV_w_6372
Deletion	SL4.0ch01	781971	781990	19	SPIMPch01	820592	820592	0	SV_w_6373
Insertion	SL4.0ch01	784105	784105	0	SPIMPch01	822705	822722	17	SV_w_6374
Insertion	SL4.0ch01	786095	786095	0	SPIMPch01	824712	824730	18	SV_w_6375
Insertion	SL4.0ch01	812260	812260	0	SPIMPch01	850924	851887	963	SV_w_6377
Insertion	SL4.0ch01	817216	817216	0	SPIMPch01	856830	856861	31	SV_w_6378
Deletion	SL4.0ch01	817570	817581	11	SPIMPch01	857216	857216	0	SV_w_6379
Deletion	SL4.0ch01	818526	818573	47	SPIMPch01	858160	858160	0	SV_w_6380
Deletion	SL4.0ch01	822175	822187	12	SPIMPch01	861763	861763	0	SV_w_6381
Deletion	SL4.0ch01	837271	837288	17	SPIMPch01	876849	876849	0	SV_w_6382
Insertion	SL4.0ch01	838000	838000	0	SPIMPch01	877527	877602	75	SV_w_6384
Substitution	SL4.0ch01	838737	838761	24	SPIMPch01	878337	878363	26	SV_b_17167
Deletion	SL4.0ch01	839418	839436	18	SPIMPch01	879020	879020	0	SV_w_6909
Deletion	SL4.0ch01	839519	839531	12	SPIMPch01	879102	879102	0	SV_w_6910
Insertion	SL4.0ch01	842259	842259	0	SPIMPch01	881828	881872	44	SV_w_6911
Insertion	SL4.0ch01	842611	842611	0	SPIMPch01	882224	882253	29	SV_w_6912
Insertion	SL4.0ch01	842646	842646	0	SPIMPch01	882288	882318	30	SV_w_6913
Insertion	SL4.0ch01	844346	844346	0	SPIMPch01	884017	884027	10	SV_w_6914
Insertion	SL4.0ch01	848458	848458	0	SPIMPch01	888138	888154	16	SV_w_6915
Deletion	SL4.0ch01	855499	855517	18	SPIMPch01	895198	895198	0	SV_w_6916
Deletion	SL4.0ch01	871073	871098	25	SPIMPch01	910754	910754	0	SV_w_6917
Insertion	SL4.0ch01	876719	876719	0	SPIMPch01	916337	916351	14	SV_w_6919
Deletion	SL4.0ch01	882080	882094	14	SPIMPch01	921711	921711	0	SV_w_6920
Repeat_expansion/INS	SL4.0ch01	895517	895522	5	SPIMPch01	935138	935509	371	SV_b_17168a
Deletion	SL4.0ch01	897131	897420	289	SPIMPch01	937112	937112	0	SV_w_10506
Insertion	SL4.0ch01	907837	907837	0	SPIMPch01	947519	947530	11	SV_w_10507
Repeat_contraction	SL4.0ch01	909213	909522	309	SPIMPch01	948912	949151	239	SV_b_17170
Deletion	SL4.0ch01	910244	910260	16	SPIMPch01	949874	949874	0	SV_w_10530
Deletion	SL4.0ch01	914113	914123	10	SPIMPch01	953737	953737	0	SV_w_10531
Insertion	SL4.0ch01	916515	916515	0	SPIMPch01	956133	956494	361	SV_w_10532
Repeat_contraction/DEL	SL4.0ch01	923170	923934	764	SPIMPch01	963139	963171	32	SV_b_17171a
Insertion	SL4.0ch01	924153	924153	0	SPIMPch01	963390	963403	13	SV_w_10728
Deletion	SL4.0ch01	927839	927852	13	SPIMPch01	967091	967091	0	SV_w_10729
