SV_type	Ref_chr	Ref_start	Ref_end	Ref_Size	Qry_chr	Qry_start	Qry_end	Qry_Size	SV_ID
Deletion	SL4.0ch07	31059031	31059042	11	SPIMPch07	28967732	28967732	0	SV_w_47512
Insertion	SL4.0ch02	42311289	42311289	0	SPIMPch02	44366610	44366639	29	SV_w_17030
Insertion	SL4.0ch09	5854624	5854624	0	SPIMPch09	6088787	6088806	19	SV_w_62348
Insertion	SL4.0ch01	1033224	1033224	0	SPIMPch01	1073818	1073836	18	SV_w_10755
Deletion	SL4.0ch06	12160928	12161062	134	SPIMPch06	13304274	13304274	0	SV_w_42766
Deletion	SL4.0ch10	58781263	58781287	24	SPIMPch10	62128883	62128883	0	SV_w_70793
Insertion	SL4.0ch02	50745285	50745285	0	SPIMPch02	52967637	52967655	18	SV_w_13606
Insertion	SL4.0ch04	731298	731298	0	SPIMPch04	683991	684069	78	SV_w_31890
Deletion	SL4.0ch08	32956774	32957192	418	SPIMPch08	29438449	29438449	0	SV_w_86824
Deletion	SL4.0ch11	10325954	10325975	21	SPIMPch11	10318270	10318270	0	SV_w_76324
Deletion	SL4.0ch07	11972882	11972897	15	SPIMPch07	12378874	12378874	0	SV_w_47934
Insertion	SL4.0ch07	11267163	11267163	0	SPIMPch07	11676398	11676414	16	SV_w_46760
Insertion	SL4.0ch08	57187390	57187390	0	SPIMPch08	59803058	59803068	10	SV_w_58385
Insertion	SL4.0ch12	17332996	17332996	0	SPIMPch12	17384212	17384242	30	SV_w_76845
Deletion	SL4.0ch03	32106499	32106604	105	SPIMPch03	32896106	32896106	0	SV_w_20607
Insertion	SL4.0ch05	12176906	12176906	0	SPIMPch05	12538683	12538699	16	SV_w_34942
Deletion	SL4.0ch08	15180284	15180298	14	SPIMPch08	16964688	16964688	0	SV_w_56537
Insertion	SL4.0ch02	32477694	32477694	0	SPIMPch02	34365999	34366009	10	SV_w_17864
Insertion	SL4.0ch03	30613252	30613252	0	SPIMPch03	31381605	31381625	20	SV_w_22377
Insertion	SL4.0ch01	37606660	37606660	0	SPIMPch01	42753395	42753411	16	SV_w_90375
Insertion	SL4.0ch02	45016482	45016482	0	SPIMPch02	47049397	47049459	62	SV_w_13973
Deletion	SL4.0ch07	15192012	15192022	10	SPIMPch07	15639355	15639355	0	SV_w_46672
Insertion	SL4.0ch07	26593853	26593854	-1	SPIMPch07	26387783	26424784	37001	SV_b_22895
Tandem_expansion/INS	SL4.0ch01	20237842	20237842	0	SPIMPch01	24002003	24003881	1878	SV_b_17597a
Insertion	SL4.0ch12	54741781	54741781	0	SPIMPch12	58299209	58299258	49	SV_w_78438
Insertion	SL4.0ch08	47268272	47268272	0	SPIMPch08	49643851	49643863	12	SV_w_54548
Insertion	SL4.0ch05	60271045	60271045	0	SPIMPch05	61761484	61761504	20	SV_w_38902
Deletion	SL4.0ch10	1839794	1839806	12	SPIMPch10	1944723	1944723	0	SV_w_69804
Deletion	SL4.0ch06	45618380	45618444	64	SPIMPch06	47892132	47892132	0	SV_w_43078
Deletion	SL4.0ch01	67361045	67361444	399	SPIMPch01	72057818	72057818	0	SV_w_4063
Insertion	SL4.0ch09	37506568	37506568	0	SPIMPch09	39658550	39658560	10	SV_w_60058
Deletion	SL4.0ch03	58729807	58729819	12	SPIMPch03	59278096	59278096	0	SV_w_24481
Insertion	SL4.0ch03	44033249	44033249	0	SPIMPch03	44124458	44124505	47	SV_w_21804
Insertion	SL4.0ch07	7501668	7501668	0	SPIMPch07	7457877	7457896	19	SV_w_45987
Deletion	SL4.0ch08	49794765	49794787	22	SPIMPch08	52276671	52276671	0	SV_w_53328
Deletion	SL4.0ch09	3889343	3889387	44	SPIMPch09	3941778	3941778	0	SV_w_64781
Deletion	SL4.0ch10	1010377	1010396	19	SPIMPch10	1111845	1111845	0	SV_w_70209
Insertion	SL4.0ch03	32253015	32253015	0	SPIMPch03	33012042	33012061	19	SV_w_23778
Insertion	SL4.0ch03	6536688	6536688	0	SPIMPch03	7236058	7236158	100	SV_w_23527
Insertion	SL4.0ch10	28200390	28200390	0	SPIMPch10	29555009	29558348	3339	SV_w_66376
Insertion	SL4.0ch02	45394944	45394944	0	SPIMPch02	47432880	47432892	12	SV_w_13080
Insertion	SL4.0ch01	58992473	58992473	0	SPIMPch01	63735606	63735619	13	SV_w_4171
Deletion	SL4.0ch05	31004386	31004404	18	SPIMPch05	31947360	31947360	0	SV_w_34521
Deletion	SL4.0ch01	81748905	81748921	16	SPIMPch01	86410448	86410448	0	SV_w_4417
Repeat_contraction/DEL	SL4.0ch12	394299	394428	129	SPIMPch12	398914	398930	16	SV_b_26213a
Deletion	SL4.0ch01	28807399	28807417	18	SPIMPch01	32309246	32309246	0	SV_w_3126
Deletion	SL4.0ch12	3852949	3852964	15	SPIMPch12	3799391	3799391	0	SV_w_81152
Deletion	SL4.0ch07	29058522	29058554	32	SPIMPch07	30298254	30298254	0	SV_w_86142
Deletion	SL4.0ch01	15850047	15850180	133	SPIMPch01	13996145	13996145	0	SV_w_83353
Deletion	SL4.0ch07	57819305	57819364	59	SPIMPch07	57129768	57129768	0	SV_w_48314
Insertion	SL4.0ch03	8705562	8705562	0	SPIMPch03	9360705	9360722	17	SV_w_22981
Deletion	SL4.0ch08	62536783	62536794	11	SPIMPch08	65251025	65251025	0	SV_w_55457
Insertion	SL4.0ch01	81332963	81332963	0	SPIMPch01	85974371	85974396	25	SV_w_6409
Deletion	SL4.0ch07	2684866	2684881	15	SPIMPch07	2776294	2776294	0	SV_w_47054
Deletion	SL4.0ch12	10756588	10756599	11	SPIMPch12	10817980	10817980	0	SV_w_78615
Deletion	SL4.0ch05	11804919	11804950	31	SPIMPch05	12158602	12158602	0	SV_w_34221
Deletion	SL4.0ch03	54551791	54551803	12	SPIMPch03	54979550	54979550	0	SV_w_22188
Insertion	SL4.0ch04	10089303	10089304	1	SPIMPch04	10369404	10371181	1777	SV_b_20523
Insertion	SL4.0ch03	65049251	65049251	0	SPIMPch03	65571397	65571409	12	SV_w_18898
Deletion	SL4.0ch05	572423	572450	27	SPIMPch05	672343	672343	0	SV_w_35892
Insertion	SL4.0ch02	2857413	2857413	0	SPIMPch02	3069020	3069036	16	SV_w_16049
Insertion	SL4.0ch12	20921678	20921678	0	SPIMPch12	21640679	21640714	35	SV_w_78235
Insertion	SL4.0ch08	16162398	16162398	0	SPIMPch08	18021186	18021236	50	SV_w_54105
Insertion	SL4.0ch02	17702701	17702701	0	SPIMPch02	18780756	18780784	28	SV_w_15263
Insertion	SL4.0ch08	63551352	63551352	0	SPIMPch08	66245998	66246027	29	SV_w_57020
Insertion	SL4.0ch09	11237476	11237476	0	SPIMPch09	11461763	11465494	3731	SV_w_60019
Deletion	SL4.0ch07	252274	252287	13	SPIMPch07	300986	300986	0	SV_w_50654
Deletion	SL4.0ch09	56244682	56244707	25	SPIMPch09	58919644	58919644	0	SV_w_61614
Insertion	SL4.0ch04	16045840	16045840	0	SPIMPch04	17361455	17361525	70	SV_w_26504
Deletion	SL4.0ch05	62956247	62956259	12	SPIMPch05	64509156	64509156	0	SV_w_39068
Deletion	SL4.0ch03	25467229	25467240	11	SPIMPch03	25862349	25862349	0	SV_w_20016
Insertion	SL4.0ch11	26966575	26966575	0	SPIMPch11	28246243	28246262	19	SV_w_72012
Insertion	SL4.0ch11	50767837	50767837	0	SPIMPch11	52500340	52500414	74	SV_w_72857
Insertion	SL4.0ch02	40912996	40912996	0	SPIMPch02	42927271	42927380	109	SV_w_13405
Deletion	SL4.0ch02	2984431	2984454	23	SPIMPch02	3192122	3192122	0	SV_w_13947
Deletion	SL4.0ch04	53913355	53913667	312	SPIMPch04	56364210	56364210	0	SV_w_31108
Insertion	SL4.0ch01	56377489	56377542	53	SPIMPch01	60891152	61003902	112750	SV_b_18046
Insertion	SL4.0ch04	58710108	58710108	0	SPIMPch04	61181849	61181865	16	SV_w_27246
Deletion	SL4.0ch02	15458541	15458564	23	SPIMPch02	16515623	16515623	0	SV_w_12127
Deletion	SL4.0ch11	52781972	52782091	119	SPIMPch11	54489210	54489210	0	SV_w_76561
Deletion	SL4.0ch01	67915585	67915626	41	SPIMPch01	72594490	72594490	0	SV_w_8439
Insertion	SL4.0ch10	38292491	38292491	0	SPIMPch10	40534908	40534930	22	SV_w_66518
Insertion	SL4.0ch04	12829746	12829746	0	SPIMPch04	13115156	13115197	41	SV_w_31029
Deletion	SL4.0ch01	1802129	1802151	22	SPIMPch01	1901952	1901952	0	SV_w_9216
Deletion	SL4.0ch01	14747557	14747579	22	SPIMPch01	15147293	15147293	0	SV_w_82541
Deletion	SL4.0ch06	1793932	1793965	33	SPIMPch06	1858424	1858424	0	SV_w_41234
Insertion	SL4.0ch06	30868164	30868164	0	SPIMPch06	32910867	32910881	14	SV_w_44563
Deletion	SL4.0ch05	16069985	16070035	50	SPIMPch05	16466992	16466992	0	SV_w_33932
Deletion	SL4.0ch05	61167705	61167772	67	SPIMPch05	62654867	62654867	0	SV_w_38452
Insertion	SL4.0ch02	33558423	33558423	0	SPIMPch02	35434489	35434506	17	SV_w_16355
Repeat_expansion/INS	SL4.0ch05	60841588	60841612	24	SPIMPch05	62343585	62343650	65	SV_b_21750a
Deletion	SL4.0ch12	2190132	2190175	43	SPIMPch12	2167804	2167804	0	SV_w_80369
Insertion	SL4.0ch12	24841078	24841078	0	SPIMPch12	25993766	25993777	11	SV_w_77053
Insertion	SL4.0ch04	36669845	36669845	0	SPIMPch04	38587734	38587753	19	SV_w_29785
Deletion	SL4.0ch04	4175897	4175918	21	SPIMPch04	4222673	4222673	0	SV_w_31385
Insertion	SL4.0ch11	1112062	1112062	0	SPIMPch11	1092726	1092738	12	SV_w_74102
Deletion	SL4.0ch05	10653728	10653738	10	SPIMPch05	10901462	10901462	0	SV_w_35633
Deletion	SL4.0ch11	2060378	2060391	13	SPIMPch11	2049539	2049539	0	SV_w_75921
Deletion	SL4.0ch01	17087407	17087417	10	SPIMPch01	12709047	12709047	0	SV_w_83596
Deletion	SL4.0ch01	48958184	48958194	10	SPIMPch01	53317913	53317913	0	SV_w_7431
Deletion	SL4.0ch01	82072961	82072975	14	SPIMPch01	86733417	86733417	0	SV_w_10233
Deletion	SL4.0ch03	20069483	20069498	15	SPIMPch03	20521233	20521233	0	SV_w_20128
Insertion	SL4.0ch06	27407121	27407121	0	SPIMPch06	21451268	21451286	18	SV_w_85442
Deletion	SL4.0ch01	78360996	78361014	18	SPIMPch01	83015047	83015047	0	SV_w_1493
Insertion	SL4.0ch07	41531459	41531459	0	SPIMPch07	40957245	40957263	18	SV_w_53085
Deletion	SL4.0ch02	49674838	49674853	15	SPIMPch02	51901728	51901728	0	SV_w_14202
Insertion	SL4.0ch04	4244442	4244442	0	SPIMPch04	4293674	4293689	15	SV_w_31222
Insertion	SL4.0ch04	12927944	12927944	0	SPIMPch04	13207575	13207585	10	SV_w_27157
Deletion	SL4.0ch03	58898674	58898714	40	SPIMPch03	59446927	59446927	0	SV_w_21460
Insertion	SL4.0ch11	5573506	5573506	0	SPIMPch11	5499532	5499543	11	SV_w_73550
Insertion	SL4.0ch10	63157516	63157516	0	SPIMPch10	66392867	66393167	300	SV_w_67379
Insertion	SL4.0ch08	47991666	47991666	0	SPIMPch08	50377284	50377294	10	SV_w_56589
Deletion	SL4.0ch10	63589622	63589684	62	SPIMPch10	66828273	66828273	0	SV_w_70052
Repeat_expansion/INS	SL4.0ch12	1184867	1184899	32	SPIMPch12	1189073	1189128	55	SV_b_26239a
Deletion	SL4.0ch04	30315908	30315977	69	SPIMPch03	44254793	44254793	0	SV_w_92983
Deletion	SL4.0ch06	39507576	39507597	21	SPIMPch06	41691287	41691287	0	SV_w_42035
Insertion	SL4.0ch01	44203722	44203722	0	SPIMPch01	50256015	50256034	19	SV_w_9787
Deletion	SL4.0ch02	30558167	30558222	55	SPIMPch02	32156129	32156129	0	SV_w_14271
Deletion	SL4.0ch11	30462826	30462838	12	SPIMPch11	31865528	31865528	0	SV_w_71244
Insertion	SL4.0ch12	65059843	65059843	0	SPIMPch12	68634693	68635573	880	SV_w_82047
Insertion	SL4.0ch02	17363327	17363327	0	SPIMPch02	16943404	16943928	524	SV_w_16803
Deletion	SL4.0ch02	38354674	38354697	23	SPIMPch02	40289824	40289824	0	SV_w_18075
Insertion	SL4.0ch06	16551814	16551814	0	SPIMPch06	18061286	18061301	15	SV_w_43523
Insertion	SL4.0ch08	37814922	37814922	0	SPIMPch08	40644540	40644961	421	SV_w_55237
Deletion	SL4.0ch07	20302715	20302731	16	SPIMPch07	20074719	20074719	0	SV_w_47486
Deletion	SL4.0ch06	42325598	42325620	22	SPIMPch06	44538521	44538521	0	SV_w_41005
Deletion	SL4.0ch09	63770520	63770564	44	SPIMPch09	66451556	66451556	0	SV_w_64410
Insertion	SL4.0ch11	43535100	43535100	0	SPIMPch11	45060873	45061281	408	SV_w_72099
Insertion	SL4.0ch02	36467172	36467172	0	SPIMPch02	38345157	38345173	16	SV_w_14291
Insertion	SL4.0ch09	58901720	58901720	0	SPIMPch09	61610963	61611001	38	SV_w_61418
Deletion	SL4.0ch02	41610220	41610240	20	SPIMPch02	43620305	43620305	0	SV_w_18000
Deletion	SL4.0ch05	25571058	25571082	24	SPIMPch05	26431052	26431052	0	SV_w_36319
Insertion	SL4.0ch03	32902716	32902716	0	SPIMPch03	33666559	33666579	20	SV_w_18396
Insertion	SL4.0ch06	901720	901720	0	SPIMPch06	945545	945586	41	SV_w_43362
Deletion	SL4.0ch03	62263487	62263502	15	SPIMPch03	62779503	62779503	0	SV_w_20481
Deletion	SL4.0ch02	34947287	34947297	10	SPIMPch02	36820939	36820939	0	SV_w_17093
Insertion	SL4.0ch09	57404496	57404496	0	SPIMPch09	60153476	60153491	15	SV_w_61716
Insertion	SL4.0ch09	4288121	4288121	0	SPIMPch09	4353817	4353842	25	SV_w_63251
Deletion	SL4.0ch09	61476631	61476641	10	SPIMPch09	64162418	64162418	0	SV_w_62946
Deletion	SL4.0ch10	35336677	35336687	10	SPIMPch10	37214618	37214618	0	SV_w_66447
Insertion	SL4.0ch01	20613539	20613539	0	SPIMPch01	24078641	24078711	70	SV_w_7453
Deletion	SL4.0ch02	51134761	51134908	147	SPIMPch02	53350848	53350848	0	SV_w_17698
Deletion	SL4.0ch07	47200069	47200121	52	SPIMPch07	46517564	46517564	0	SV_w_45916
Insertion	SL4.0ch07	40766034	40766034	0	SPIMPch07	40152108	40152178	70	SV_w_45244
Deletion	SL4.0ch09	62193823	62193834	11	SPIMPch09	64839980	64839980	0	SV_w_61509
Repeat_expansion/INS	SL4.0ch05	38117495	38117541	46	SPIMPch05	39236336	39236455	119	SV_b_21568a
Insertion	SL4.0ch05	51094509	51094509	0	SPIMPch05	52434560	52437804	3244	SV_w_37708
Insertion	SL4.0ch10	55376755	55376755	0	SPIMPch10	58489970	58490016	46	SV_w_69207
Insertion	SL4.0ch03	40789570	40789570	0	SPIMPch03	41092849	41092865	16	SV_w_20423
Insertion	SL4.0ch07	63218454	63218454	0	SPIMPch07	62764287	62764299	12	SV_w_48069
Insertion	SL4.0ch04	14130677	14130677	0	SPIMPch04	15383933	15383965	32	SV_w_28275
Insertion	SL4.0ch07	53972123	53972123	0	SPIMPch07	53365924	53365936	12	SV_w_48270
Deletion	SL4.0ch05	64971397	64971410	13	SPIMPch05	66552391	66552391	0	SV_w_35423
Deletion	SL4.0ch05	53142285	53142295	10	SPIMPch05	54439987	54439987	0	SV_w_36129
Deletion	SL4.0ch01	89211354	89211410	56	SPIMPch01	93855506	93855506	0	SV_w_3210
Insertion	SL4.0ch12	63950501	63950501	0	SPIMPch12	67487507	67487517	10	SV_w_79675
Insertion	SL4.0ch05	48087763	48087763	0	SPIMPch05	49498020	49498042	22	SV_w_36297
Deletion	SL4.0ch05	35089080	35089096	16	SPIMPch05	36147481	36147481	0	SV_w_34601
Insertion	SL4.0ch01	48287082	48287082	0	SPIMPch01	52570997	52571027	30	SV_w_7455
Deletion	SL4.0ch05	37750548	37750577	29	SPIMPch05	38816824	38816824	0	SV_w_34504
Insertion	SL4.0ch01	84595175	84595175	0	SPIMPch01	89222622	89222634	12	SV_w_2187
Deletion	SL4.0ch07	25728556	25728588	32	SPIMPch07	25812305	25812305	0	SV_w_45789
Insertion	SL4.0ch05	57817401	57817401	0	SPIMPch05	59162747	59162759	12	SV_w_39269
Deletion	SL4.0ch12	51826281	51826305	24	SPIMPch12	55100582	55100582	0	SV_w_79272
Deletion	SL4.0ch02	49474589	49474605	16	SPIMPch02	51691851	51691851	0	SV_w_18023
Deletion	SL4.0ch01	79814866	79814881	15	SPIMPch01	84471085	84471085	0	SV_w_1963
Repeat_contraction/DEL	SL4.0ch04	42601669	42603208	1539	SPIMPch04	44740027	44740046	19	SV_b_20755a
Insertion	SL4.0ch09	3796349	3796349	0	SPIMPch09	3849096	3849106	10	SV_w_64030
Insertion	SL4.0ch07	6498451	6498451	0	SPIMPch07	6496330	6496348	18	SV_w_47736
Deletion	SL4.0ch07	30670518	30670538	20	SPIMPch07	28593236	28593236	0	SV_w_45509
Deletion	SL4.0ch04	41145625	41145640	15	SPIMPch04	43237149	43237149	0	SV_w_26810
Deletion	SL4.0ch09	53458829	53458875	46	SPIMPch09	55999764	55999764	0	SV_w_60453
Deletion	SL4.0ch02	47396585	47396597	12	SPIMPch02	49652278	49652278	0	SV_w_16492
Deletion	SL4.0ch01	70858332	70858355	23	SPIMPch01	75554492	75554492	0	SV_w_9965
Insertion	SL4.0ch10	43859653	43859653	0	SPIMPch10	46631407	46631450	43	SV_w_70332
Insertion	SL4.0ch01	6651111	6651111	0	SPIMPch01	7059896	7059915	19	SV_w_3846
Insertion	SL4.0ch01	55267653	55267653	0	SPIMPch01	59741453	59741468	15	SV_w_6386
Deletion	SL4.0ch06	37391428	37391499	71	SPIMPch06	39483651	39483651	0	SV_w_40683
Insertion	SL4.0ch07	16695782	16695782	0	SPIMPch07	17121792	17121849	57	SV_w_50604
Insertion	SL4.0ch09	63464328	63464328	0	SPIMPch09	66105268	66105315	47	SV_w_63865
Insertion	SL4.0ch03	27274372	27274372	0	SPIMPch03	27762348	27762362	14	SV_w_22405
Insertion	SL4.0ch04	989306	989306	0	SPIMPch04	975901	975985	84	SV_w_29481
Insertion	SL4.0ch10	62259902	62259902	0	SPIMPch10	65479343	65479387	44	SV_w_70480
Deletion	SL4.0ch10	50252347	50252359	12	SPIMPch10	53292668	53292668	0	SV_w_69004
Deletion	SL4.0ch04	24942352	24942609	257	SPIMPch04	26247950	26247950	0	SV_w_27643
Deletion	SL4.0ch04	49889997	49890016	19	SPIMPch04	52311099	52311099	0	SV_w_27360
Deletion	SL4.0ch06	27500493	27500508	15	SPIMPch06	21359130	21359130	0	SV_w_85453
Insertion	SL4.0ch02	33193805	33193805	0	SPIMPch02	35064888	35064906	18	SV_w_12161
Insertion	SL4.0ch04	55952275	55952275	0	SPIMPch04	58417191	58417230	39	SV_w_28437
Deletion	SL4.0ch07	64452115	64452143	28	SPIMPch07	63968284	63968284	0	SV_w_52884
Insertion	SL4.0ch06	44170294	44170294	0	SPIMPch06	46414692	46415981	1289	SV_w_41302
Deletion	SL4.0ch12	26854321	26854349	28	SPIMPch12	28049689	28049689	0	SV_w_76864
Deletion	SL4.0ch01	20052746	20052794	48	SPIMPch01	10291235	10291235	0	SV_w_83057
Deletion	SL4.0ch01	70545598	70545616	18	SPIMPch01	75216306	75216306	0	SV_w_5512
Deletion	SL4.0ch09	8893687	8893701	14	SPIMPch09	9185553	9185553	0	SV_w_60730
Insertion	SL4.0ch03	4491257	4491257	0	SPIMPch03	4574476	4574793	317	SV_w_20938
Insertion	SL4.0ch05	769018	769018	0	SPIMPch05	864799	864819	20	SV_w_38582
Insertion	SL4.0ch06	26656585	26656585	0	SPIMPch06	22271564	22271588	24	SV_w_85750
Insertion	SL4.0ch12	38539103	38539103	0	SPIMPch12	41477484	41477531	47	SV_w_79542
Insertion	SL4.0ch09	17972884	17972884	0	SPIMPch09	23338102	23338130	28	SV_w_87170
Deletion	SL4.0ch05	5692949	5692969	20	SPIMPch05	5951908	5951908	0	SV_w_38260
Deletion	SL4.0ch07	19475467	19475487	20	SPIMPch07	19384078	19384078	0	SV_w_45484
Insertion	SL4.0ch02	26162184	26162184	0	SPIMPch02	27456670	27456689	19	SV_w_11956
Deletion	SL4.0ch01	67914351	67914386	35	SPIMPch01	72593290	72593290	0	SV_w_8438
Deletion	SL4.0ch01	50450773	50451881	1108	SPIMPch01	54766701	54766701	0	SV_w_2807
Deletion	SL4.0ch03	60104653	60104663	10	SPIMPch03	60703524	60703524	0	SV_w_24582
Deletion	SL4.0ch08	53537668	53537678	10	SPIMPch08	56079636	56079636	0	SV_w_57923
Deletion	SL4.0ch11	53205981	53206048	67	SPIMPch11	54946031	54946031	0	SV_w_74679
Deletion	SL4.0ch05	64498572	64498593	21	SPIMPch05	66086931	66086931	0	SV_w_38880
Deletion	SL4.0ch01	67060125	67060138	13	SPIMPch01	71786825	71786825	0	SV_w_1152
Deletion	SL4.0ch05	56960639	56960665	26	SPIMPch05	58257826	58257826	0	SV_w_34760
Deletion	SL4.0ch06	33828380	33828398	18	SPIMPch06	35849993	35849993	0	SV_w_41855
Insertion	SL4.0ch09	65739194	65739194	0	SPIMPch09	68485471	68485484	13	SV_w_64218
Insertion	SL4.0ch05	1481096	1481096	0	SPIMPch05	1586663	1586683	20	SV_w_39116
Deletion	SL4.0ch04	14404693	14404709	16	SPIMPch04	15647907	15647907	0	SV_w_27104
Deletion	SL4.0ch03	2423232	2423283	51	SPIMPch03	2418604	2418604	0	SV_w_25802
Insertion	SL4.0ch01	19210862	19210862	0	SPIMPch01	11083328	11083343	15	SV_w_83169
Insertion	SL4.0ch03	27309299	27309299	0	SPIMPch03	27789252	27790187	935	SV_w_19414
Insertion	SL4.0ch07	32443054	32443054	0	SPIMPch07	31745024	31745069	45	SV_w_46964
Insertion	SL4.0ch12	264624	264624	0	SPIMPch12	258207	258218	11	SV_w_80403
Insertion	SL4.0ch06	13432324	13432324	0	SPIMPch06	14666417	14666431	14	SV_w_44162
Deletion	SL4.0ch03	57611639	57611659	20	SPIMPch03	58162021	58162021	0	SV_w_20690
Deletion	SL4.0ch01	5116217	5116253	36	SPIMPch01	5387216	5387216	0	SV_w_3732
Insertion	SL4.0ch04	17537618	17537618	0	SPIMPch04	18909835	18909863	28	SV_w_30095
Insertion	SL4.0ch04	58434315	58434315	0	SPIMPch04	60906895	60906909	14	SV_w_27183
Insertion	SL4.0ch07	60862169	60862169	0	SPIMPch07	60359241	60359271	30	SV_w_52072
Deletion	SL4.0ch03	57371537	57371643	106	SPIMPch03	57922064	57922064	0	SV_w_22739
Insertion	SL4.0ch04	40601949	40601949	0	SPIMPch04	42685866	42685885	19	SV_w_26189
Deletion	SL4.0ch06	29700325	29700435	110	SPIMPch06	39123122	39123122	0	SV_w_93220
Insertion	SL4.0ch06	20536420	20536420	0	SPIMPch06	28835631	28835663	32	SV_w_85088
Insertion	SL4.0ch12	29712254	29712254	0	SPIMPch12	32286285	32286309	24	SV_w_81677
Deletion	SL4.0ch02	30230002	30230032	30	SPIMPch02	31806552	31806552	0	SV_w_17327
Insertion	SL4.0ch01	70823727	70823727	0	SPIMPch01	75521926	75521938	12	SV_w_7983
Deletion	SL4.0ch03	23955595	23986953	31358	SPIMPch03	24435653	24435656	-3	SV_b_19698
Deletion	SL4.0ch08	40910374	40910402	28	SPIMPch08	43526576	43526576	0	SV_w_55276
Deletion	SL4.0ch01	4699218	4699228	10	SPIMPch01	4919108	4919108	0	SV_w_6362
Deletion	SL4.0ch12	40184663	40184679	16	SPIMPch12	43966842	43966842	0	SV_w_77456
Insertion	SL4.0ch12	59071681	59071681	0	SPIMPch12	62369800	62369819	19	SV_w_81318
Deletion	SL4.0ch10	28134724	28134991	267	SPIMPch10	29489743	29489743	0	SV_w_66371
Insertion	SL4.0ch01	84479840	84479840	0	SPIMPch01	89106675	89107564	889	SV_w_2172
Insertion	SL4.0ch12	66278199	66278199	0	SPIMPch12	69851083	69851094	11	SV_w_78939
Insertion	SL4.0ch07	56133771	56133771	0	SPIMPch07	55457265	55457320	55	SV_w_49214
Insertion	SL4.0ch04	7544195	7544195	0	SPIMPch04	7855583	7855603	20	SV_w_33329
Insertion	SL4.0ch11	29496771	29496771	0	SPIMPch11	30907117	30907127	10	SV_w_72549
Insertion	SL4.0ch10	61394025	61394025	0	SPIMPch10	64687667	64687685	18	SV_w_68824
Insertion	SL4.0ch11	48418638	48418638	0	SPIMPch11	50066587	50066605	18	SV_w_72943
Insertion	SL4.0ch07	32974280	32974280	0	SPIMPch07	32255708	32255727	19	SV_w_46452
Insertion	SL4.0ch08	54240149	54240149	0	SPIMPch08	56794048	56794070	22	SV_w_55656
Insertion	SL4.0ch07	51047412	51047412	0	SPIMPch07	50408825	50408838	13	SV_w_48198
Deletion	SL4.0ch10	832095	832110	15	SPIMPch10	933752	933752	0	SV_w_68251
Insertion	SL4.0ch10	58509532	58509532	0	SPIMPch10	61829214	61829228	14	SV_w_69775
Deletion	SL4.0ch07	24611177	24611211	34	SPIMPch07	24666111	24666111	0	SV_w_50056
Insertion	SL4.0ch02	35732575	35732575	0	SPIMPch02	37607159	37607173	14	SV_w_15718
Repeat_contraction/DEL	SL4.0ch08	45168565	45171904	3339	SPIMPch08	47587788	47587837	49	SV_b_23917a
Insertion	SL4.0ch02	44888346	44888346	0	SPIMPch02	46922603	46922613	10	SV_w_12711
Insertion	SL4.0ch02	9343027	9343027	0	SPIMPch02	9926595	9926611	16	SV_w_17041
Repeat_expansion/INS	SL4.0ch04	57644223	57644232	9	SPIMPch04	60156790	60157288	498	SV_b_21003a
Insertion	SL4.0ch10	7503085	7503085	0	SPIMPch10	7470072	7470099	27	SV_w_65438
Insertion	SL4.0ch04	63933581	63933581	0	SPIMPch04	66448992	66449334	342	SV_w_31563
Deletion	SL4.0ch08	56143197	56143262	65	SPIMPch08	58720315	58720315	0	SV_w_59765
Deletion	SL4.0ch02	18710631	18710648	17	SPIMPch02	20005006	20005006	0	SV_w_12328
Deletion	SL4.0ch01	87990121	87990140	19	SPIMPch01	92603981	92603981	0	SV_w_10133
Deletion	SL4.0ch08	16144128	16144141	13	SPIMPch08	18002929	18002929	0	SV_w_54104
Deletion	SL4.0ch01	90196946	90197010	64	SPIMPch01	94817020	94817020	0	SV_w_3441
Insertion	SL4.0ch04	12246356	12246356	0	SPIMPch04	12515276	12515292	16	SV_w_27528
Insertion	SL4.0ch10	21806779	21806779	0	SPIMPch10	16070652	16070669	17	SV_w_88617
Deletion	SL4.0ch03	65089592	65089603	11	SPIMPch03	65608444	65608444	0	SV_w_18912
Insertion	SL4.0ch02	23320935	23320935	0	SPIMPch02	24610990	24611940	950	SV_w_17208
Deletion	SL4.0ch08	56957934	56958079	145	SPIMPch08	59575927	59575927	0	SV_w_58495
Deletion	SL4.0ch05	44916060	44916133	73	SPIMPch05	46386520	46386520	0	SV_w_37628
Insertion	SL4.0ch04	49823324	49823324	0	SPIMPch04	52244549	52244581	32	SV_w_32532
Insertion	SL4.0ch02	11414061	11414061	0	SPIMPch02	12132481	12132500	19	SV_w_13825
Insertion	SL4.0ch06	30320658	30320658	0	SPIMPch06	32396074	32396124	50	SV_w_43701
Insertion	SL4.0ch06	5411134	5411134	0	SPIMPch06	5748775	5748793	18	SV_w_40353
Deletion	SL4.0ch07	55238937	55238955	18	SPIMPch07	54600034	54600034	0	SV_w_50263
Deletion	SL4.0ch01	74248695	74248707	12	SPIMPch01	78912391	78912391	0	SV_w_4785
Deletion	SL4.0ch08	36132609	36132637	28	SPIMPch08	38844094	38844094	0	SV_w_55321
Deletion	SL4.0ch03	6862933	6863001	68	SPIMPch03	7558531	7558531	0	SV_w_24612
Insertion	SL4.0ch11	3361819	3361819	0	SPIMPch11	3357628	3357641	13	SV_w_74467
Deletion	SL4.0ch04	13527014	13527024	10	SPIMPch04	13803878	13803878	0	SV_w_28616
Deletion	SL4.0ch12	4919245	4919276	31	SPIMPch12	5001671	5001671	0	SV_w_80918
Insertion	SL4.0ch09	7156734	7156734	0	SPIMPch09	7388905	7388934	29	SV_w_62363
Insertion	SL4.0ch03	43139670	43139670	0	SPIMPch03	41787564	41787578	14	SV_w_84053
Insertion/Substitution	SL4.0ch11	52682993	52682999	6	SPIMPch11	54395306	54395365	59	SV_w_74144
Deletion	SL4.0ch01	62538638	62538662	24	SPIMPch01	67235795	67235795	0	SV_w_1792
Deletion	SL4.0ch03	29638240	29638394	154	SPIMPch03	30334085	30334085	0	SV_w_19894
Insertion	SL4.0ch10	22055821	22055821	0	SPIMPch10	15806481	15806494	13	SV_w_87985
Insertion	SL4.0ch10	2623252	2623252	0	SPIMPch10	2727447	2727495	48	SV_w_70850
Insertion	SL4.0ch02	5726657	5726657	0	SPIMPch02	6276100	6276433	333	SV_w_17308
Deletion	SL4.0ch01	70967540	70967554	14	SPIMPch01	75663862	75663862	0	SV_w_7046
Deletion	SL4.0ch01	49372486	49372501	15	SPIMPch01	53719706	53719706	0	SV_w_8616
Deletion	SL4.0ch06	7829396	7829408	12	SPIMPch06	8194114	8194114	0	SV_w_40221
Deletion	SL4.0ch07	14822434	14822474	40	SPIMPch07	15254151	15254151	0	SV_w_46900
Deletion	SL4.0ch04	6737864	6737890	26	SPIMPch04	7065023	7065023	0	SV_w_28249
Insertion	SL4.0ch06	30717223	30717223	0	SPIMPch06	32773896	32773918	22	SV_w_40889
Insertion	SL4.0ch08	8683834	8683834	0	SPIMPch08	8733237	8733275	38	SV_w_54892
Insertion	SL4.0ch07	11060239	11060239	0	SPIMPch07	11465301	11465346	45	SV_w_46088
Deletion	SL4.0ch07	63204400	63204426	26	SPIMPch07	62750308	62750308	0	SV_w_48064
Insertion	SL4.0ch10	58372436	58372436	0	SPIMPch10	61695282	61695322	40	SV_w_70716
Deletion	SL4.0ch07	30249123	30249159	36	SPIMPch07	29483951	29483951	0	SV_w_86174
Deletion	SL4.0ch04	43080140	43080166	26	SPIMPch04	45253904	45253904	0	SV_w_27650
Tandem_expansion/INS	SL4.0ch07	23259874	23259874	0	SPIMPch07	23271173	23274989	3816	SV_b_22860a
Deletion	SL4.0ch08	3588991	3589011	20	SPIMPch08	3691981	3691981	0	SV_w_59228
Insertion	SL4.0ch03	36694464	36694464	0	SPIMPch03	36940173	36940770	597	SV_w_84244
Insertion	SL4.0ch02	32279086	32279086	0	SPIMPch02	34147823	34147846	23	SV_w_16590
Insertion	SL4.0ch04	2128223	2128223	0	SPIMPch04	2139870	2139978	108	SV_w_33058
Insertion	SL4.0ch03	51678194	51678194	0	SPIMPch03	51973916	51973931	15	SV_w_24695
Deletion	SL4.0ch06	32159672	32159694	22	SPIMPch06	34135186	34135186	0	SV_w_41333
Deletion	SL4.0ch02	37801491	37801506	15	SPIMPch02	39740172	39740172	0	SV_w_14464
Insertion	SL4.0ch09	30343287	30343287	0	SPIMPch09	32270559	32270578	19	SV_w_61009
Deletion	SL4.0ch10	34680262	34688491	8229	SPIMPch10	36568925	36568925	0	SV_w_67677
Insertion	SL4.0ch01	21090993	21090993	0	SPIMPch01	24542796	24542810	14	SV_w_6295
Deletion	SL4.0ch06	15749160	15749178	18	SPIMPch06	17302253	17302253	0	SV_w_40038
Deletion	SL4.0ch01	72403234	72403308	74	SPIMPch01	77085551	77085551	0	SV_w_10774
Deletion	SL4.0ch09	42446403	42446421	18	SPIMPch09	44529076	44529076	0	SV_w_60546
Deletion	SL4.0ch05	7960634	7960652	18	SPIMPch05	8196873	8196873	0	SV_w_39450
Deletion	SL4.0ch01	67201034	67201104	70	SPIMPch01	71930171	71930171	0	SV_w_7068
Insertion	SL4.0ch03	53121743	53121743	0	SPIMPch03	53451031	53451099	68	SV_w_18649
Insertion	SL4.0ch03	63213261	63213261	0	SPIMPch03	63706478	63706491	13	SV_w_20922
Deletion	SL4.0ch10	8997465	8997491	26	SPIMPch10	9014737	9014737	0	SV_w_67075
Deletion	SL4.0ch07	59017241	59017265	24	SPIMPch07	58469997	58469997	0	SV_w_50079
Deletion	SL4.0ch08	1009900	1009922	22	SPIMPch08	1039236	1039236	0	SV_w_59069
Deletion	SL4.0ch07	7622636	7622703	67	SPIMPch07	7584556	7584556	0	SV_w_46002
Deletion	SL4.0ch03	60806449	60806723	274	SPIMPch03	61352609	61352609	0	SV_w_21544
Deletion	SL4.0ch07	38766268	38766426	158	SPIMPch07	38080474	38080474	0	SV_w_51312
Insertion	SL4.0ch12	57392756	57392756	0	SPIMPch12	60908523	60908599	76	SV_w_79213
Insertion	SL4.0ch08	417507	417507	0	SPIMPch08	421414	421445	31	SV_w_58325
Insertion	SL4.0ch06	26857095	26857095	0	SPIMPch06	22067403	22067419	16	SV_w_85732
Deletion	SL4.0ch01	6298973	6299311	338	SPIMPch01	6736115	6736115	0	SV_w_2643
Deletion	SL4.0ch07	31544298	31544317	19	SPIMPch07	30860607	30860607	0	SV_w_51201
Insertion	SL4.0ch01	75588720	75588720	0	SPIMPch01	80240902	80240937	35	SV_w_9161
Insertion	SL4.0ch03	55629045	55629045	0	SPIMPch03	56173239	56173263	24	SV_w_25042
Deletion	SL4.0ch04	63864714	63864724	10	SPIMPch04	66381438	66381438	0	SV_w_31200
Insertion	SL4.0ch05	21235167	21235167	0	SPIMPch05	22036503	22036516	13	SV_w_39300
Insertion	SL4.0ch12	37102291	37102291	0	SPIMPch12	40068911	40068930	19	SV_w_77539
Deletion	SL4.0ch12	58207913	58208047	134	SPIMPch12	61705536	61705536	0	SV_w_80227
Insertion	SL4.0ch12	35621359	35621359	0	SPIMPch12	30644152	30644164	12	SV_w_80348
Repeat_expansion/INS	SL4.0ch11	44574386	44574386	0	SPIMPch11	46803894	46804010	116	SV_b_25969a
Deletion	SL4.0ch02	47922948	47922960	12	SPIMPch02	50135934	50135934	0	SV_w_14785
Deletion	SL4.0ch12	349090	349101	11	SPIMPch12	353054	353054	0	SV_w_80421
Deletion	SL4.0ch03	1051293	1051326	33	SPIMPch03	1067524	1067524	0	SV_w_25511
Deletion	SL4.0ch04	60573759	60573871	112	SPIMPch04	63045247	63045247	0	SV_w_32392
Insertion	SL4.0ch02	18116564	18116564	0	SPIMPch02	19153499	19153665	166	SV_w_13899
Deletion	SL4.0ch07	1997724	1997764	40	SPIMPch07	2039064	2039064	0	SV_w_50909
Insertion	SL4.0ch08	53743768	53743768	0	SPIMPch08	56284430	56284440	10	SV_w_57701
Deletion	SL4.0ch01	3793049	3793061	12	SPIMPch01	4027262	4027262	0	SV_w_9266
Insertion	SL4.0ch11	11098769	11098769	0	SPIMPch11	11072131	11072163	32	SV_w_75356
Insertion	SL4.0ch05	17596635	17596635	0	SPIMPch05	17964500	17964511	11	SV_w_34371
Deletion	SL4.0ch02	38047694	38047705	11	SPIMPch02	39976131	39976131	0	SV_w_17808
Deletion	SL4.0ch11	43505911	43505971	60	SPIMPch11	45031717	45031717	0	SV_w_72097
Deletion	SL4.0ch07	40225483	40232684	7201	SPIMPch07	39633227	39633227	0	SV_w_45205
Insertion	SL4.0ch05	12396514	12396514	0	SPIMPch05	12777631	12777655	24	SV_w_36059
Deletion	SL4.0ch10	8704279	8704291	12	SPIMPch10	8723862	8723862	0	SV_w_66997
Deletion	SL4.0ch01	70190617	70190627	10	SPIMPch01	74854100	74854100	0	SV_w_5533
Insertion	SL4.0ch12	2340123	2340123	0	SPIMPch12	2320345	2320356	11	SV_w_81538
Deletion	SL4.0ch07	17024170	17024184	14	SPIMPch07	17436548	17436548	0	SV_w_51688
Deletion	SL4.0ch02	40135495	40135512	17	SPIMPch02	42130745	42130745	0	SV_w_14536
Insertion	SL4.0ch04	43300460	43300460	0	SPIMPch04	45494767	45494786	19	SV_w_27478
Insertion	SL4.0ch07	38701321	38701321	0	SPIMPch07	38018791	38019070	279	SV_w_49582
Insertion	SL4.0ch11	44344092	44344092	0	SPIMPch11	47083243	47083773	530	SV_w_88895
Deletion	SL4.0ch09	65552354	65552661	307	SPIMPch09	68278932	68278932	0	SV_w_63850
Deletion	SL4.0ch10	36670109	36692876	22767	SPIMPch10	38661737	38661738	-1	SV_b_25210
Deletion	SL4.0ch06	40051164	40051178	14	SPIMPch06	42241417	42241417	0	SV_w_43865
Insertion	SL4.0ch09	58842941	58842941	0	SPIMPch09	61543861	61543871	10	SV_w_64492
Insertion	SL4.0ch09	24910867	24910867	0	SPIMPch09	26630492	26630552	60	SV_w_64892
Deletion	SL4.0ch01	59195676	59195705	29	SPIMPch01	63956073	63956073	0	SV_w_652
Insertion	SL4.0ch07	13951778	13951778	0	SPIMPch07	14884426	14884442	16	SV_w_47454
Insertion	SL4.0ch05	4078870	4078870	0	SPIMPch05	4231599	4231624	25	SV_w_39178
Insertion	SL4.0ch12	14169574	14169574	0	SPIMPch12	14134470	14134482	12	SV_w_77219
Insertion	SL4.0ch02	51063027	51063027	0	SPIMPch02	53290717	53290760	43	SV_w_17333
Deletion	SL4.0ch10	33065635	33065645	10	SPIMPch10	34795454	34795454	0	SV_w_68214
Deletion	SL4.0ch03	57522592	57522604	12	SPIMPch03	58072539	58072539	0	SV_w_21353
Insertion	SL4.0ch02	31840499	31840499	0	SPIMPch02	33658575	33658605	30	SV_w_17949
Deletion	SL4.0ch03	18397879	18398552	673	SPIMPch03	18925058	18925058	0	SV_w_23784
Insertion	SL4.0ch07	39082983	39082983	0	SPIMPch07	38460813	38460832	19	SV_w_46355
Deletion	SL4.0ch03	27280686	27280705	19	SPIMPch03	27771465	27771465	0	SV_w_25755
Deletion	SL4.0ch08	3667518	3667587	69	SPIMPch08	3763180	3763180	0	SV_w_57882
Deletion	SL4.0ch07	58817754	58817776	22	SPIMPch07	58271146	58271146	0	SV_w_48868
Deletion	SL4.0ch03	49875127	49875152	25	SPIMPch03	50204034	50204034	0	SV_w_26110
Deletion	SL4.0ch04	10639854	10639864	10	SPIMPch04	10919632	10919632	0	SV_w_26855
Deletion	SL4.0ch04	15661158	15661180	22	SPIMPch04	16960294	16960294	0	SV_w_30030
Insertion	SL4.0ch08	15015527	15015527	0	SPIMPch08	16796420	16800577	4157	SV_w_56410
Insertion	SL4.0ch09	14333002	14333002	0	SPIMPch09	14620981	14621018	37	SV_w_61681
Insertion	SL4.0ch02	4358638	4358638	0	SPIMPch02	4569018	4569028	10	SV_w_12016
Insertion	SL4.0ch02	43528259	43528259	0	SPIMPch02	45609741	45609760	19	SV_w_13851
Insertion	SL4.0ch06	14170199	14170199	0	SPIMPch06	15409831	15409843	12	SV_w_43107
Deletion	SL4.0ch01	48363063	48363136	73	SPIMPch01	52647811	52647811	0	SV_w_7466
Deletion	SL4.0ch11	33908872	33908900	28	SPIMPch11	35331433	35331433	0	SV_w_71783
Deletion	SL4.0ch01	142012	142024	12	SPIMPch01	171040	171040	0	SV_w_10342
Insertion	SL4.0ch03	34285705	34285705	0	SPIMPch03	35045641	35045669	28	SV_w_23620
Insertion	SL4.0ch02	24670197	24670197	0	SPIMPch02	26025144	26025160	16	SV_w_16482
Deletion	SL4.0ch04	43096027	43096183	156	SPIMPch04	45269798	45269798	0	SV_w_27654
Deletion	SL4.0ch05	34896551	34896561	10	SPIMPch05	35941463	35941463	0	SV_w_34593
Insertion	SL4.0ch08	37333598	37333598	0	SPIMPch08	40083003	40083015	12	SV_w_53553
Deletion	SL4.0ch12	16104268	16104472	204	SPIMPch12	16091608	16091608	0	SV_w_80510
Insertion	SL4.0ch02	35438772	35438772	0	SPIMPch02	37320543	37320558	15	SV_w_13503
Insertion	SL4.0ch06	36718566	36718566	0	SPIMPch06	38762815	38762894	79	SV_w_43011
Deletion	SL4.0ch01	68370109	68370119	10	SPIMPch01	73039068	73039068	0	SV_w_3642
Insertion	SL4.0ch03	54289523	54289523	0	SPIMPch03	54692267	54692342	75	SV_w_21174
Deletion	SL4.0ch10	31887279	31887289	10	SPIMPch10	33590504	33590504	0	SV_w_65581
Deletion	SL4.0ch03	6185700	6185730	30	SPIMPch03	6319299	6319299	0	SV_w_19668
Deletion	SL4.0ch07	54329259	54329271	12	SPIMPch07	53696030	53696030	0	SV_w_49308
Deletion	SL4.0ch04	5619147	5619162	15	SPIMPch04	5893288	5893288	0	SV_w_28527
Deletion	SL4.0ch03	43770990	43771069	79	SPIMPch03	43873926	43873926	0	SV_w_24292
Deletion	SL4.0ch02	12133112	12133150	38	SPIMPch02	13218698	13218698	0	SV_w_16327
Deletion	SL4.0ch06	39217834	39217869	35	SPIMPch06	41397911	41397911	0	SV_w_42848
Deletion	SL4.0ch02	3344947	3344963	16	SPIMPch02	3557821	3557821	0	SV_w_12357
Deletion	SL4.0ch03	52804273	52804319	46	SPIMPch03	53144064	53144064	0	SV_w_24816
Deletion	SL4.0ch03	52345333	52345349	16	SPIMPch03	52705780	52705780	0	SV_w_25447
Deletion	SL4.0ch06	21004747	21004843	96	SPIMPch06	28337464	28337464	0	SV_w_85954
Deletion	SL4.0ch10	63136125	63136139	14	SPIMPch10	66371732	66371732	0	SV_w_67375
Insertion	SL4.0ch05	25062154	25062154	0	SPIMPch05	25913854	25913873	19	SV_w_34075
Deletion	SL4.0ch03	53198080	53198130	50	SPIMPch03	53527513	53527513	0	SV_w_18657
Insertion	SL4.0ch12	22055518	22055518	0	SPIMPch12	22804472	22804680	208	SV_w_77599
Deletion	SL4.0ch04	51480725	51480745	20	SPIMPch04	53858620	53858620	0	SV_w_31679
Deletion	SL4.0ch11	33990471	33990482	11	SPIMPch11	35414050	35414050	0	SV_w_75527
Deletion	SL4.0ch08	29257552	29257564	12	SPIMPch08	33529184	33529184	0	SV_w_86488
Deletion	SL4.0ch01	2711716	2711726	10	SPIMPch01	2860584	2860584	0	SV_w_8450
Insertion	SL4.0ch07	67819484	67819484	0	SPIMPch07	67385741	67385752	11	SV_w_46812
Insertion	SL4.0ch08	55589313	55589313	0	SPIMPch08	58160815	58160830	15	SV_w_56738
Deletion	SL4.0ch08	28007425	28007455	30	SPIMPch08	34754497	34754497	0	SV_w_86606
Deletion	SL4.0ch05	11270922	11270938	16	SPIMPch05	11623775	11623775	0	SV_w_37645
Insertion	SL4.0ch10	1981563	1981563	0	SPIMPch10	2088275	2088313	38	SV_w_70143
Insertion	SL4.0ch11	43143462	43143462	0	SPIMPch11	44665509	44665520	11	SV_w_72038
Deletion	SL4.0ch10	10512052	10512087	35	SPIMPch10	10600787	10600787	0	SV_w_66425
Insertion	SL4.0ch02	49876090	49876090	0	SPIMPch02	52105112	52105297	185	SV_w_16330
Insertion	SL4.0ch12	3884613	3884613	0	SPIMPch12	3830998	3831027	29	SV_w_79744
Insertion	SL4.0ch01	37864760	37864760	0	SPIMPch01	42979526	42979597	71	SV_w_6876
Insertion	SL4.0ch03	41643381	41643381	0	SPIMPch03	43068684	43068703	19	SV_w_84390
Deletion	SL4.0ch01	83091999	83092018	19	SPIMPch01	87737252	87737252	0	SV_w_7648
Deletion	SL4.0ch07	66839085	66839095	10	SPIMPch07	66422757	66422757	0	SV_w_51510
Insertion	SL4.0ch07	7207151	7207151	0	SPIMPch07	7161866	7161876	10	SV_w_49031
Insertion	SL4.0ch10	7289007	7289007	0	SPIMPch10	7257031	7257045	14	SV_w_65423
Repeat_expansion/INS	SL4.0ch04	64211428	64211451	23	SPIMPch04	66727902	66728707	805	SV_b_21172a
Insertion	SL4.0ch06	312645	312645	0	SPIMPch06	324981	325023	42	SV_w_41094
Deletion	SL4.0ch10	15410920	15410936	16	SPIMPch10	25779827	25779827	0	SV_w_88427
Deletion	SL4.0ch02	36372766	36372784	18	SPIMPch02	38250592	38250592	0	SV_w_14275
Deletion	SL4.0ch04	15448241	15448335	94	SPIMPch04	16746121	16746121	0	SV_w_30268
Insertion	SL4.0ch04	18518343	18518343	0	SPIMPch04	19952331	19952354	23	SV_w_32287
Insertion	SL4.0ch11	15247211	15247211	0	SPIMPch11	15360051	15360063	12	SV_w_76686
Insertion	SL4.0ch01	33197896	33197896	0	SPIMPch01	36946516	36946835	319	SV_w_4080
Deletion	SL4.0ch12	63255334	63255356	22	SPIMPch12	66766028	66766028	0	SV_w_81409
Insertion	SL4.0ch09	50152913	50152913	0	SPIMPch09	52762231	52762257	26	SV_w_61282
Insertion	SL4.0ch03	51747679	51747679	0	SPIMPch03	52055909	52056070	161	SV_w_25113
Insertion	SL4.0ch06	14769278	14769278	0	SPIMPch06	15917456	15929201	11745	SV_w_40968
Insertion	SL4.0ch01	79273209	79273209	0	SPIMPch01	83931932	83931948	16	SV_w_809
Insertion	SL4.0ch11	446001	446001	0	SPIMPch11	451613	451629	16	SV_w_73415
Deletion	SL4.0ch02	49951513	49951523	10	SPIMPch02	52204685	52204685	0	SV_w_16305
Insertion	SL4.0ch04	58204461	58204461	0	SPIMPch04	60706255	60706268	13	SV_w_33214
Deletion	SL4.0ch07	19718847	19718866	19	SPIMPch07	19619993	19619993	0	SV_w_46520
Insertion	SL4.0ch01	28522746	28522746	0	SPIMPch01	32018998	32019012	14	SV_w_1537
Insertion	SL4.0ch12	59084738	59084738	0	SPIMPch12	62382307	62382318	11	SV_w_81216
Deletion	SL4.0ch01	50333228	50333241	13	SPIMPch01	54634163	54634163	0	SV_w_3610
Insertion	SL4.0ch01	53847196	53847196	0	SPIMPch01	58115167	58115189	22	SV_w_3537
Deletion	SL4.0ch02	27240070	27240105	35	SPIMPch02	28418444	28418444	0	SV_w_12250
Deletion	SL4.0ch04	52758892	52758913	21	SPIMPch04	55229762	55229762	0	SV_w_32125
Insertion	SL4.0ch07	17890927	17890927	0	SPIMPch07	18346746	18346765	19	SV_w_49416
Insertion	SL4.0ch02	14833839	14833839	0	SPIMPch02	15826521	15826533	12	SV_w_15737
Insertion	SL4.0ch07	442349	442349	0	SPIMPch07	491514	491526	12	SV_w_49175
Insertion	SL4.0ch07	56943068	56943068	0	SPIMPch07	56263952	56263970	18	SV_w_48699
Insertion	SL4.0ch02	30714105	30714105	0	SPIMPch02	32323290	32323308	18	SV_w_15961
Deletion	SL4.0ch09	55781847	55781864	17	SPIMPch09	58438393	58438393	0	SV_w_61563
Repeat_expansion/INS	SL4.0ch03	3397219	3397223	4	SPIMPch03	3370197	3370781	584	SV_b_19468a
Repeat_expansion/INS	SL4.0ch01	88174765	88174794	29	SPIMPch01	92768033	92772603	4570	SV_b_18540a
Deletion	SL4.0ch04	59189542	59189552	10	SPIMPch04	61658090	61658090	0	SV_w_33180
Insertion	SL4.0ch04	7523792	7523792	0	SPIMPch04	7841364	7841390	26	SV_w_27032
Deletion	SL4.0ch08	17552372	17552404	32	SPIMPch08	19369547	19369547	0	SV_w_54751
Deletion	SL4.0ch06	35445638	35445650	12	SPIMPch06	37469400	37469400	0	SV_w_43793
Deletion	SL4.0ch08	42599427	42604764	5337	SPIMPch08	45099133	45099133	0	SV_w_58242
Insertion	SL4.0ch05	53299554	53299554	0	SPIMPch05	54604309	54604327	18	SV_w_35497
Deletion	SL4.0ch09	58353641	58353653	12	SPIMPch09	61082278	61082278	0	SV_w_61153
Deletion	SL4.0ch01	76046274	76046295	21	SPIMPch01	80709242	80709242	0	SV_w_3989
Deletion	SL4.0ch08	41771161	41771321	160	SPIMPch08	44334460	44334460	0	SV_w_57325
Insertion	SL4.0ch05	57167788	57167788	0	SPIMPch05	58517132	58517190	58	SV_w_36765
Insertion	SL4.0ch04	55941038	55941038	0	SPIMPch04	58410555	58410570	15	SV_w_28433
Deletion	SL4.0ch11	47155258	47155268	10	SPIMPch11	48809960	48809960	0	SV_w_73276
Deletion	SL4.0ch10	23479277	23479614	337	SPIMPch10	14503022	14503022	0	SV_w_88119
Deletion	SL4.0ch01	89587105	89587121	16	SPIMPch01	94214509	94214509	0	SV_w_1928
Repeat_contraction/DEL	SL4.0ch08	21212153	21212292	139	SPIMPch08	22790350	22790374	24	SV_b_23735a
Insertion	SL4.0ch09	64877741	64877741	0	SPIMPch09	67588488	67588540	52	SV_w_63532
Deletion	SL4.0ch03	6559737	6559753	16	SPIMPch03	7259617	7259617	0	SV_w_23542
Insertion	SL4.0ch04	4833069	4833069	0	SPIMPch04	4976666	4976682	16	SV_w_32797
Insertion	SL4.0ch02	50609873	50609873	0	SPIMPch02	52831915	52831935	20	SV_w_15984
Deletion	SL4.0ch12	198667	198695	28	SPIMPch12	192551	192551	0	SV_w_79348
Deletion	SL4.0ch01	51253631	51253674	43	SPIMPch01	55528164	55528164	0	SV_w_830
Deletion/DEL	SL4.0ch01	43475299	43492956	17657	SPIMPch01	48856351	48856351	0	SV_b_17891a
Insertion	SL4.0ch05	6006432	6006432	0	SPIMPch05	6283330	6283360	30	SV_w_38672
Deletion	SL4.0ch08	56237913	56237943	30	SPIMPch08	58816639	58816639	0	SV_w_58580
Insertion	SL4.0ch06	33525668	33525668	0	SPIMPch06	35499416	35499629	213	SV_w_42307
Insertion	SL4.0ch07	21875415	21875415	0	SPIMPch07	21649459	21650010	551	SV_w_47928
Insertion	SL4.0ch06	44526052	44526052	0	SPIMPch06	45577262	45577371	109	SV_w_44901
Insertion	SL4.0ch01	41379456	41379456	0	SPIMPch01	46571808	46571838	30	SV_w_3284
Deletion	SL4.0ch03	2104435	2104460	25	SPIMPch03	2105945	2105945	0	SV_w_23797
Insertion	SL4.0ch09	24331400	24331400	0	SPIMPch09	15948471	15948487	16	SV_w_87109
Insertion	SL4.0ch07	41688116	41688116	0	SPIMPch04	32541436	32541467	31	SV_w_93081
Deletion	SL4.0ch06	2989314	2989398	84	SPIMPch06	3129914	3129914	0	SV_w_40184
Insertion	SL4.0ch07	54453142	54453142	0	SPIMPch07	53828799	53829395	596	SV_w_51146
Deletion	SL4.0ch03	16554918	16554968	50	SPIMPch03	17026352	17026352	0	SV_w_21850
Deletion	SL4.0ch09	53002401	53002425	24	SPIMPch09	55536324	55536324	0	SV_w_61440
Insertion	SL4.0ch04	19219326	19219326	0	SPIMPch04	20648210	20648226	16	SV_w_33519
Insertion	SL4.0ch01	67163096	67163096	0	SPIMPch01	71892141	71892152	11	SV_w_7060
Insertion	SL4.0ch05	33447976	33447976	0	SPIMPch05	34495997	34496071	74	SV_w_34877
Deletion	SL4.0ch03	51401285	51401304	19	SPIMPch03	51711687	51711687	0	SV_w_22995
Deletion	SL4.0ch10	2399397	2399434	37	SPIMPch10	2486855	2486855	0	SV_w_70388
Deletion	SL4.0ch03	57599655	57599669	14	SPIMPch03	58150073	58150073	0	SV_w_20688
Insertion	SL4.0ch05	1537567	1537567	0	SPIMPch05	1643815	1643854	39	SV_w_37327
Deletion	SL4.0ch08	34586319	34586441	122	SPIMPch08	36536243	36536243	0	SV_w_86538
Deletion	SL4.0ch04	12978337	12978355	18	SPIMPch04	13257985	13257985	0	SV_w_27165
Insertion	SL4.0ch01	75267410	75267410	0	SPIMPch01	79941560	79941588	28	SV_w_5988
Deletion	SL4.0ch02	49632711	49644990	12279	SPIMPch02	51871900	51871900	0	SV_w_14196
Insertion	SL4.0ch05	39827558	39827558	0	SPIMPch05	40965734	40965751	17	SV_w_33718
Insertion	SL4.0ch12	7747925	7747925	0	SPIMPch12	7801169	7801189	20	SV_w_77399
Insertion	SL4.0ch08	63625841	63625841	0	SPIMPch08	66320632	66320646	14	SV_w_53568
Deletion	SL4.0ch06	24162962	24162981	19	SPIMPch06	25171640	25171640	0	SV_w_85465
Deletion	SL4.0ch10	20855133	20855151	18	SPIMPch10	17558376	17558376	0	SV_w_87519
Deletion	SL4.0ch10	41407132	41407155	23	SPIMPch10	43836108	43836108	0	SV_w_71016
Deletion	SL4.0ch03	58281843	58281853	10	SPIMPch03	58828630	58828630	0	SV_w_20253
Deletion	SL4.0ch01	86055473	86055485	12	SPIMPch01	90684269	90684269	0	SV_w_8713
Insertion	SL4.0ch06	26317164	26317164	0	SPIMPch06	22628290	22628300	10	SV_w_85665
Insertion	SL4.0ch03	49620986	49620986	0	SPIMPch03	49921151	49921163	12	SV_w_24435
Insertion	SL4.0ch02	13999657	13999657	0	SPIMPch02	15029696	15029732	36	SV_w_11259
Deletion	SL4.0ch07	24726326	24780329	54003	SPIMPch07	24807112	24807114	2	SV_b_22882
Deletion	SL4.0ch07	67221649	67221667	18	SPIMPch07	66793233	66793233	0	SV_w_48326
Repeat_expansion/INS	SL4.0ch11	3993273	3993273	0	SPIMPch11	3935169	3935370	201	SV_b_25653a
Deletion	SL4.0ch08	58106720	58106730	10	SPIMPch08	60777153	60777153	0	SV_w_59108
Deletion	SL4.0ch04	61035990	61036025	35	SPIMPch04	63503341	63503341	0	SV_w_27566
Insertion	SL4.0ch04	12846616	12846616	0	SPIMPch04	13132030	13132041	11	SV_w_31032
Insertion	SL4.0ch07	63674908	63674908	0	SPIMPch07	63172969	63172981	12	SV_w_46860
Insertion	SL4.0ch08	48954464	48954464	0	SPIMPch08	51298216	51298256	40	SV_w_53829
Insertion	SL4.0ch02	41750117	41750117	0	SPIMPch02	43766093	43766115	22	SV_w_15519
Insertion	SL4.0ch03	49900706	49900706	0	SPIMPch03	50235788	50235825	37	SV_w_25319
Deletion	SL4.0ch07	5215478	5215527	49	SPIMPch07	5239716	5239716	0	SV_w_48355
Insertion	SL4.0ch03	710901	710901	0	SPIMPch03	711613	711635	22	SV_w_24064
Insertion	SL4.0ch09	65515629	65515629	0	SPIMPch09	68242349	68242366	17	SV_w_65056
Repeat_expansion/INS	SL4.0ch07	44139599	44139628	29	SPIMPch07	43579396	43579468	72	SV_b_23063a
Deletion	SL4.0ch10	4863184	4863211	27	SPIMPch10	4750457	4750457	0	SV_w_66585
Deletion	SL4.0ch09	30213483	30213540	57	SPIMPch09	32141034	32141034	0	SV_w_61000
Insertion	SL4.0ch09	66780144	66780144	0	SPIMPch09	69538892	69538974	82	SV_w_65005
Insertion	SL4.0ch07	42054735	42054735	0	SPIMPch07	42015427	42015483	56	SV_w_86199
Insertion	SL4.0ch09	11195490	11195490	0	SPIMPch09	11419733	11419906	173	SV_w_60014
Insertion	SL4.0ch01	26524687	26524687	0	SPIMPch01	29997589	29997601	12	SV_w_3898
Deletion	SL4.0ch04	46522998	46523036	38	SPIMPch04	48813783	48813783	0	SV_w_32812
Deletion	SL4.0ch05	56708686	56708698	12	SPIMPch05	58023463	58023463	0	SV_w_34743
Insertion	SL4.0ch04	38820896	38820896	0	SPIMPch04	40767520	40767534	14	SV_w_31528
Deletion	SL4.0ch04	46688823	46688922	99	SPIMPch04	48972602	48972602	0	SV_w_26734
Deletion	SL4.0ch10	45200834	45202092	1258	SPIMPch10	47628369	47628369	0	SV_w_88858
Insertion	SL4.0ch11	51701351	51701351	0	SPIMPch11	53404790	53404815	25	SV_w_74856
Insertion	SL4.0ch11	7214964	7214964	0	SPIMPch11	7136141	7136151	10	SV_w_74980
Insertion	SL4.0ch03	64618496	64618496	0	SPIMPch03	65125892	65125969	77	SV_w_24547
Insertion	SL4.0ch09	51006131	51006131	0	SPIMPch09	53609957	53609967	10	SV_w_60266
Insertion	SL4.0ch11	10187584	10187584	0	SPIMPch11	10183350	10183430	80	SV_w_73600
Insertion	SL4.0ch08	23663068	23663068	0	SPIMPch08	26171078	26171100	22	SV_w_54531
Deletion	SL4.0ch12	13535419	13535435	16	SPIMPch12	13504700	13504700	0	SV_w_78597
Deletion	SL4.0ch07	55222877	55222887	10	SPIMPch07	54583977	54583977	0	SV_w_50260
Insertion	SL4.0ch11	8771906	8771906	0	SPIMPch11	8687088	8687159	71	SV_w_74220
Repeat_expansion/INS	SL4.0ch07	36074515	36074523	8	SPIMPch07	35429253	35438746	9493	SV_b_22971a
Insertion	SL4.0ch12	16459441	16459441	0	SPIMPch12	16444236	16444248	12	SV_w_80759
Insertion	SL4.0ch07	3516575	3516575	0	SPIMPch07	3624896	3625850	954	SV_w_52882
Deletion	SL4.0ch02	35913391	35913401	10	SPIMPch02	37802033	37802033	0	SV_w_16552
Deletion	SL4.0ch01	1784356	1784369	13	SPIMPch01	1884374	1884374	0	SV_w_8966
Insertion	SL4.0ch03	835700	835700	0	SPIMPch03	849210	849221	11	SV_w_26046
Insertion	SL4.0ch11	24786789	24786789	0	SPIMPch11	26056912	26056974	62	SV_w_72458
Deletion	SL4.0ch10	53150335	53150360	25	SPIMPch10	56194472	56194472	0	SV_w_66259
Deletion	SL4.0ch05	41274952	41274964	12	SPIMPch05	42451218	42451218	0	SV_w_35699
Deletion	SL4.0ch10	55595066	55595080	14	SPIMPch10	58703584	58703584	0	SV_w_67766
Deletion	SL4.0ch07	67110912	67110927	15	SPIMPch07	66687688	66687688	0	SV_w_53125
Insertion	SL4.0ch12	19539453	19539453	0	SPIMPch12	20166990	20167060	70	SV_w_78976
Insertion	SL4.0ch01	84441691	84441691	0	SPIMPch01	89068509	89068542	33	SV_w_7096
Deletion	SL4.0ch03	4378558	4378840	282	SPIMPch03	4453173	4453173	0	SV_w_24334
Deletion	SL4.0ch12	16500096	16500129	33	SPIMPch12	16484154	16484154	0	SV_w_81745
Insertion	SL4.0ch08	618570	618570	0	SPIMPch08	645126	645136	10	SV_w_58301
Deletion	SL4.0ch11	53326109	53326136	27	SPIMPch11	55065417	55065417	0	SV_w_74601
Insertion	SL4.0ch02	22027589	22027589	0	SPIMPch02	23452412	23452484	72	SV_w_13014
Insertion	SL4.0ch04	39029021	39029021	0	SPIMPch04	40975278	40975315	37	SV_w_26400
Insertion	SL4.0ch06	33863742	33863742	0	SPIMPch06	35892655	35892665	10	SV_w_42746
Insertion	SL4.0ch06	38245534	38245534	0	SPIMPch06	40400161	40400181	20	SV_w_41752
Deletion	SL4.0ch03	50097840	50097850	10	SPIMPch03	50449298	50449298	0	SV_w_21906
Insertion	SL4.0ch07	49246442	49246442	0	SPIMPch07	48572068	48572080	12	SV_w_46571
Insertion	SL4.0ch10	1723345	1723345	0	SPIMPch10	1827917	1827929	12	SV_w_68114
Insertion	SL4.0ch01	72772143	72772143	0	SPIMPch01	77456488	77456499	11	SV_w_8259
Deletion	SL4.0ch03	53033097	53033124	27	SPIMPch03	53362233	53362233	0	SV_w_18632
Insertion	SL4.0ch12	53575378	53575378	0	SPIMPch12	56868240	56868412	172	SV_w_77863
Deletion	SL4.0ch05	52617903	52617916	13	SPIMPch05	53956799	53956799	0	SV_w_85027
Insertion	SL4.0ch09	52143486	52143486	0	SPIMPch09	54736837	54736872	35	SV_w_60695
Deletion	SL4.0ch07	3213537	3213581	44	SPIMPch07	3330913	3330913	0	SV_w_51815
Insertion	SL4.0ch12	65077915	65077915	0	SPIMPch12	68653521	68653539	18	SV_w_79883
Deletion	SL4.0ch07	21481524	21481656	132	SPIMPch07	21240657	21240657	0	SV_w_47861
Repeat_expansion/INS	SL4.0ch03	35281051	35281061	10	SPIMPch03	38514265	38515677	1412	SV_b_19806a
Insertion	SL4.0ch06	33704075	33704075	0	SPIMPch06	35722167	35722186	19	SV_w_45042
Deletion	SL4.0ch10	56318648	56318670	22	SPIMPch10	59429431	59429431	0	SV_w_68774
Insertion	SL4.0ch01	12359327	12359327	0	SPIMPch01	18376083	18376095	12	SV_w_83564
Insertion	SL4.0ch01	49914687	49914687	0	SPIMPch01	54249647	54249706	59	SV_w_6413
Deletion	SL4.0ch07	17546289	17546381	92	SPIMPch07	17979703	17979703	0	SV_w_48236
Deletion	SL4.0ch03	21439660	21439689	29	SPIMPch03	21899732	21899732	0	SV_w_18777
Insertion	SL4.0ch07	58199990	58199990	0	SPIMPch07	57508141	57509322	1181	SV_w_48945
Insertion	SL4.0ch08	6738896	6738896	0	SPIMPch08	6780390	6781959	1569	SV_w_54223
Insertion	SL4.0ch02	44439608	44439608	0	SPIMPch02	46487988	46488006	18	SV_w_13632
Insertion	SL4.0ch01	23636651	23636651	0	SPIMPch01	27007071	27007130	59	SV_w_8479
Insertion	SL4.0ch01	50419145	50419145	0	SPIMPch01	54734476	54734501	25	SV_w_3626
Deletion	SL4.0ch11	11613020	11613126	106	SPIMPch11	11647481	11647481	0	SV_w_72681
Insertion	SL4.0ch01	69256371	69256371	0	SPIMPch01	73868364	73868434	70	SV_w_894
Deletion	SL4.0ch03	37801621	37801974	353	SPIMPch03	36358916	36358916	0	SV_w_22817
Insertion	SL4.0ch01	81708664	81708664	0	SPIMPch01	86370300	86370311	11	SV_w_4410
Deletion	SL4.0ch08	31753322	31753336	14	SPIMPch08	30709547	30709547	0	SV_w_86430
Repeat_expansion/INS	SL4.0ch01	32100395	32100417	22	SPIMPch01	35745331	35745396	65	SV_b_17728a
Insertion	SL4.0ch04	53485015	53485015	0	SPIMPch04	55951806	55951988	182	SV_w_30831
Insertion	SL4.0ch08	42910248	42910248	0	SPIMPch08	45436785	45436819	34	SV_w_53962
Deletion	SL4.0ch02	9779823	9779855	32	SPIMPch02	10418466	10418466	0	SV_w_12206
Deletion	SL4.0ch08	40471412	40471520	108	SPIMPch08	43065395	43065395	0	SV_w_58200
Insertion	SL4.0ch11	35122272	35122272	0	SPIMPch11	36587037	36587056	19	SV_w_73117
Insertion	SL4.0ch07	2924761	2924761	0	SPIMPch07	3024678	3024690	12	SV_w_51671
Insertion	SL4.0ch08	40689388	40689388	0	SPIMPch08	43277089	43277362	273	SV_w_55628
Deletion	SL4.0ch06	47092587	47092600	13	SPIMPch06	49366832	49366832	0	SV_w_40314
Deletion	SL4.0ch06	44771730	44771762	32	SPIMPch06	46990170	46990170	0	SV_w_44853
Deletion	SL4.0ch01	30777952	30777971	19	SPIMPch01	34299620	34299620	0	SV_w_3108
Insertion	SL4.0ch03	7169817	7169817	0	SPIMPch03	7856907	7856923	16	SV_w_20962
Deletion	SL4.0ch11	53931060	53931070	10	SPIMPch11	55675320	55675320	0	SV_w_75454
Deletion	SL4.0ch02	35783321	35783332	11	SPIMPch02	37658519	37658519	0	SV_w_16448
Insertion	SL4.0ch01	127503	127503	0	SPIMPch01	156066	156078	12	SV_w_10368
Insertion	SL4.0ch04	28475024	28475024	0	SPIMPch04	29782378	29782511	133	SV_w_27903
Insertion	SL4.0ch07	58538606	58538606	0	SPIMPch07	57857275	57857332	57	SV_w_48573
Insertion	SL4.0ch10	713626	713626	0	SPIMPch10	813734	813748	14	SV_w_69773
Deletion	SL4.0ch03	24069032	24069083	51	SPIMPch03	24518710	24518710	0	SV_w_20195
Deletion	SL4.0ch02	41680677	41680737	60	SPIMPch02	43688981	43688981	0	SV_w_16287
Deletion	SL4.0ch04	62710123	62710166	43	SPIMPch04	65204188	65204188	0	SV_w_32383
Deletion	SL4.0ch07	9986384	9986461	77	SPIMPch07	10393211	10393211	0	SV_w_45741
Deletion	SL4.0ch06	8303697	8303732	35	SPIMPch06	8666971	8666971	0	SV_w_39813
Deletion	SL4.0ch06	29989536	29989641	105	SPIMPch06	32057799	32057799	0	SV_w_44869
Insertion	SL4.0ch09	5586120	5586120	0	SPIMPch09	5823915	5823995	80	SV_w_61997
Deletion	SL4.0ch04	35442806	35442969	163	SPIMPch04	37342362	37342362	0	SV_w_28335
Deletion	SL4.0ch01	58278196	58278348	152	SPIMPch01	63002457	63002457	0	SV_w_2517
Insertion	SL4.0ch08	58800591	58800591	0	SPIMPch08	61471927	61471942	15	SV_w_57658
Insertion	SL4.0ch09	3316822	3316822	0	SPIMPch09	3347054	3347073	19	SV_w_62775
Deletion	SL4.0ch03	29408767	29408786	19	SPIMPch03	30075307	30075307	0	SV_w_23148
Insertion	SL4.0ch07	65280185	65280185	0	SPIMPch07	64817879	64817897	18	SV_w_47391
Deletion	SL4.0ch02	49620190	49620238	48	SPIMPch02	51859419	51859419	0	SV_w_14194
Deletion	SL4.0ch02	47851474	47851506	32	SPIMPch02	50084132	50084132	0	SV_w_17830
Insertion	SL4.0ch08	629030	629030	0	SPIMPch08	655598	655612	14	SV_w_58304
Insertion	SL4.0ch04	5956548	5956548	0	SPIMPch04	6225040	6225050	10	SV_w_29293
Insertion	SL4.0ch04	51257541	51257541	0	SPIMPch04	53648202	53648237	35	SV_w_26800
Insertion	SL4.0ch01	72164561	72164561	0	SPIMPch01	76850855	76850875	20	SV_w_11018
Repeat_contraction/DEL	SL4.0ch02	23027165	23028074	909	SPIMPch02	24351165	24351165	0	SV_b_18802a
Deletion	SL4.0ch01	74671596	74671607	11	SPIMPch01	79342915	79342915	0	SV_w_1032
Deletion/Substitution	SL4.0ch01	71223387	71223422	35	SPIMPch01	75919884	75919899	15	SV_w_10317
Deletion	SL4.0ch10	345241	346104	863	SPIMPch10	446489	446489	0	SV_w_66659
Insertion	SL4.0ch08	56165314	56165314	0	SPIMPch08	58744914	58744936	22	SV_w_58915
Insertion	SL4.0ch12	55133274	55133274	0	SPIMPch12	58696844	58696861	17	SV_w_79602
Insertion	SL4.0ch11	4302207	4302207	0	SPIMPch11	4271122	4271524	402	SV_w_74812
Insertion	SL4.0ch05	3447582	3447582	0	SPIMPch05	3571762	3571780	18	SV_w_35995
Insertion	SL4.0ch05	49485781	49485781	0	SPIMPch05	50938249	50938264	15	SV_w_38612
Insertion	SL4.0ch09	28043551	28043551	0	SPIMPch09	29956680	29956692	12	SV_w_60095
Deletion	SL4.0ch10	1036793	1037187	394	SPIMPch10	1138840	1138840	0	SV_w_68170
Deletion	SL4.0ch08	18822553	18829782	7229	SPIMPch08	20521983	20521983	0	SV_w_54644
Deletion	SL4.0ch03	25815399	25815409	10	SPIMPch03	26254270	26254270	0	SV_w_18978
Deletion	SL4.0ch09	13495657	13495671	14	SPIMPch09	13752541	13752541	0	SV_w_62494
Deletion	SL4.0ch11	52452513	52452528	15	SPIMPch11	54160162	54160162	0	SV_w_75689
Insertion	SL4.0ch02	27253145	27253145	0	SPIMPch02	28431446	28431461	15	SV_w_12252
Insertion	SL4.0ch12	45842545	45842545	0	SPIMPch12	49110785	49110850	65	SV_w_77568
Repeat_contraction/DEL	SL4.0ch03	46876125	46876958	833	SPIMPch03	47155575	47155572	-3	SV_b_19928a
Deletion	SL4.0ch10	60861188	60861214	26	SPIMPch10	64159413	64159413	0	SV_w_68010
Deletion	SL4.0ch03	59672481	59672495	14	SPIMPch03	60221759	60221759	0	SV_w_21195
Insertion	SL4.0ch03	18566382	18566382	0	SPIMPch03	19017441	19017481	40	SV_w_21613
Insertion	SL4.0ch08	36842534	36842534	0	SPIMPch08	39582990	39583008	18	SV_w_53290
Deletion	SL4.0ch11	22652907	22652933	26	SPIMPch11	23673653	23673653	0	SV_w_74024
Deletion	SL4.0ch05	4861517	4861537	20	SPIMPch05	5024524	5024524	0	SV_w_37768
Insertion	SL4.0ch02	46220062	46220062	0	SPIMPch02	48422726	48422740	14	SV_w_11657
Insertion	SL4.0ch07	53035357	53035357	0	SPIMPch07	52415933	52415992	59	SV_w_46685
Insertion	SL4.0ch06	2948933	2948933	0	SPIMPch06	3089563	3089608	45	SV_w_40180
Deletion	SL4.0ch02	37707491	37707544	53	SPIMPch02	39644952	39644952	0	SV_w_14438
Deletion	SL4.0ch04	57476886	57476900	14	SPIMPch04	59988952	59988952	0	SV_w_29049
Deletion	SL4.0ch01	18370377	18370387	10	SPIMPch01	11446674	11446674	0	SV_w_82991
Deletion	SL4.0ch07	47215273	47215299	26	SPIMPch07	46532713	46532713	0	SV_w_45920
Insertion	SL4.0ch12	40486942	40486942	0	SPIMPch12	44262568	44262614	46	SV_w_80424
Insertion	SL4.0ch07	66266040	66266040	0	SPIMPch07	65848235	65848271	36	SV_w_51507
Deletion	SL4.0ch04	50391299	50391335	36	SPIMPch04	52826199	52826199	0	SV_w_28678
Deletion	SL4.0ch10	43301584	43301624	40	SPIMPch10	46135878	46135878	0	SV_w_67965
Deletion	SL4.0ch12	50558369	50558381	12	SPIMPch12	53834878	53834878	0	SV_w_78002
Insertion	SL4.0ch08	91034	91034	0	SPIMPch08	95299	95309	10	SV_w_59751
Deletion	SL4.0ch07	2312583	2312616	33	SPIMPch07	2385146	2385146	0	SV_w_49266
Deletion	SL4.0ch10	63925286	63925477	191	SPIMPch10	67162409	67162409	0	SV_w_71070
Deletion	SL4.0ch01	1622170	1622186	16	SPIMPch01	1726046	1726046	0	SV_w_6755
Insertion	SL4.0ch07	30320094	30320094	0	SPIMPch07	29412668	29413028	360	SV_w_86178
Insertion	SL4.0ch02	40149616	40149616	0	SPIMPch02	42144851	42144861	10	SV_w_14539
Deletion	SL4.0ch06	27511772	27511786	14	SPIMPch06	21347866	21347866	0	SV_w_85454
Insertion	SL4.0ch06	46081103	46081103	0	SPIMPch06	48360266	48360278	12	SV_w_44156
Deletion	SL4.0ch08	38641315	38641331	16	SPIMPch08	41568125	41568125	0	SV_w_57395
Insertion	SL4.0ch03	47257958	47257958	0	SPIMPch03	47548619	47548629	10	SV_w_24983
Deletion	SL4.0ch07	35488107	35488221	114	SPIMPch07	34839470	34839470	0	SV_w_47311
Deletion	SL4.0ch07	67388207	67388219	12	SPIMPch07	66954806	66954806	0	SV_w_47341
Insertion	SL4.0ch10	43473182	43473182	0	SPIMPch10	46297108	46297146	38	SV_w_68196
Deletion	SL4.0ch03	53421535	53421603	68	SPIMPch03	53762772	53762772	0	SV_w_19086
Deletion	SL4.0ch06	41124097	41124109	12	SPIMPch06	43324771	43324771	0	SV_w_44411
Repeat_contraction/DEL	SL4.0ch01	44018531	44019750	1219	SPIMPch01	49966557	49966567	10	SV_b_17906a
Deletion	SL4.0ch04	22609174	22609189	15	SPIMPch04	24040940	24040940	0	SV_w_84824
Deletion	SL4.0ch10	50828563	50828585	22	SPIMPch10	53880648	53880648	0	SV_w_70403
Deletion	SL4.0ch08	47344631	47344697	66	SPIMPch08	49720247	49720247	0	SV_w_54552
Deletion	SL4.0ch01	76202675	76202685	10	SPIMPch01	80865168	80865168	0	SV_w_6825
Deletion	SL4.0ch04	44822179	44822351	172	SPIMPch04	47084917	47084917	0	SV_w_26454
Deletion	SL4.0ch01	74112802	74112826	24	SPIMPch01	78778083	78778083	0	SV_w_9102
Insertion	SL4.0ch01	74164602	74164602	0	SPIMPch01	78830686	78830728	42	SV_w_5956
Deletion	SL4.0ch11	49557820	49560295	2475	SPIMPch11	51302655	51302655	0	SV_w_74037
Deletion	SL4.0ch11	2147137	2147151	14	SPIMPch11	2136616	2136616	0	SV_w_73959
Insertion	SL4.0ch11	50556438	50556438	0	SPIMPch11	52288967	52288985	18	SV_w_72819
Deletion	SL4.0ch01	25727984	25727994	10	SPIMPch01	29141798	29141798	0	SV_w_2880
Insertion	SL4.0ch10	56142321	56142321	0	SPIMPch10	59237544	59237568	24	SV_w_69236
Insertion	SL4.0ch09	66453636	66453636	0	SPIMPch09	69210526	69210637	111	SV_w_62825
Insertion	SL4.0ch08	41300547	41300547	0	SPIMPch08	43890382	43890649	267	SV_w_53929
Repeat_expansion/INS	SL4.0ch12	3021713	3021713	0	SPIMPch12	2975886	2975996	110	SV_b_26329a
Insertion	SL4.0ch11	5265830	5265830	0	SPIMPch11	5200820	5200867	47	SV_w_75407
Deletion	SL4.0ch07	42154435	42154445	10	SPIMPch07	41915432	41915432	0	SV_w_86036
Deletion	SL4.0ch04	18392423	18392959	536	SPIMPch04	19835380	19835380	0	SV_w_32853
Insertion	SL4.0ch02	51559730	51559730	0	SPIMPch02	53801399	53801419	20	SV_w_12966
Deletion	SL4.0ch03	59694510	59694520	10	SPIMPch03	60243782	60243782	0	SV_w_21201
Deletion	SL4.0ch07	49151310	49151321	11	SPIMPch07	48477005	48477005	0	SV_w_46558
Insertion	SL4.0ch08	60053377	60053377	0	SPIMPch08	62737357	62737419	62	SV_w_56223
Insertion	SL4.0ch04	37963096	37963096	0	SPIMPch04	39908261	39908271	10	SV_w_28473
Deletion	SL4.0ch02	5799925	5799935	10	SPIMPch02	6347440	6347440	0	SV_w_13532
Deletion	SL4.0ch03	8100796	8100807	11	SPIMPch03	8746582	8746582	0	SV_w_18326
Deletion	SL4.0ch03	7497917	7499650	1733	SPIMPch03	8156950	8156950	0	SV_w_23242
Deletion	SL4.0ch06	10643008	10643021	13	SPIMPch06	11594517	11594517	0	SV_w_41075
Deletion	SL4.0ch09	48660384	48660395	11	SPIMPch09	51246679	51246679	0	SV_w_59979
Insertion	SL4.0ch02	52908289	52908289	0	SPIMPch02	55092202	55092215	13	SV_w_11801
Deletion	SL4.0ch06	38516307	38516323	16	SPIMPch06	40676724	40676724	0	SV_w_43412
Insertion	SL4.0ch10	22352444	22352444	0	SPIMPch10	15518887	15522691	3804	SV_b_25117
Insertion	SL4.0ch07	44766854	44766854	0	SPIMPch07	44121039	44121061	22	SV_w_47306
Insertion	SL4.0ch11	6034648	6034648	0	SPIMPch11	5922751	5922771	20	SV_w_75068
Insertion	SL4.0ch10	26979055	26979055	0	SPIMPch10	28315118	28315139	21	SV_w_69395
Insertion	SL4.0ch12	54082460	54082460	0	SPIMPch12	57396858	57396902	44	SV_w_80535
Insertion	SL4.0ch08	59172047	59172047	0	SPIMPch08	61845247	61845273	26	SV_w_57149
Insertion	SL4.0ch01	34529879	34529881	2	SPIMPch01	38400141	38423726	23585	SV_b_17760
Deletion	SL4.0ch03	24885052	24885072	20	SPIMPch03	25280805	25280805	0	SV_w_19351
Insertion	SL4.0ch01	4291173	4291173	0	SPIMPch01	4562359	4562373	14	SV_w_5729
Deletion	SL4.0ch03	57322923	57322941	18	SPIMPch03	57871460	57871460	0	SV_w_22729
Insertion	SL4.0ch10	62835450	62835450	0	SPIMPch10	66062391	66062411	20	SV_w_70442
Deletion	SL4.0ch04	18132584	18132604	20	SPIMPch04	19505415	19505415	0	SV_w_27475
Deletion	SL4.0ch02	4821101	4821175	74	SPIMPch02	5036318	5036318	0	SV_w_12391
Deletion	SL4.0ch10	12058348	12058358	10	SPIMPch10	12091311	12091311	0	SV_w_65694
Insertion	SL4.0ch06	23730205	23730205	0	SPIMPch06	25624363	25624440	77	SV_w_85286
Insertion	SL4.0ch06	46165741	46165741	0	SPIMPch06	48445029	48445039	10	SV_w_44174
Deletion	SL4.0ch06	39177624	39177644	20	SPIMPch06	41357539	41357539	0	SV_w_42838
Insertion	SL4.0ch01	49065094	49065094	0	SPIMPch01	53427345	53427356	11	SV_w_6724
Insertion	SL4.0ch12	2812422	2812422	0	SPIMPch12	2767034	2767088	54	SV_w_81843
Deletion	SL4.0ch10	60088946	60088957	11	SPIMPch10	63406775	63406775	0	SV_w_69162
Deletion	SL4.0ch11	8016439	8016450	11	SPIMPch11	7938660	7938660	0	SV_w_76668
Insertion	SL4.0ch06	47181414	47181414	0	SPIMPch06	49456184	49456263	79	SV_w_40334
Repeat_contraction/DEL	SL4.0ch03	1307414	1311214	3800	SPIMPch03	1304138	1304148	10	SV_b_19411a
Deletion	SL4.0ch11	31821949	31821963	14	SPIMPch11	33250368	33250368	0	SV_w_71580
Deletion	SL4.0ch04	37453826	37453852	26	SPIMPch04	39391824	39391824	0	SV_w_27083
Insertion	SL4.0ch01	44029471	44029471	0	SPIMPch01	49974321	49974333	12	SV_w_10932
Insertion	SL4.0ch05	51551838	51551838	0	SPIMPch05	52899572	52899613	41	SV_w_35440
Insertion	SL4.0ch04	18203700	18203700	0	SPIMPch04	19591732	19591781	49	SV_w_32263
Deletion	SL4.0ch05	705346	705388	42	SPIMPch05	805890	805890	0	SV_w_37110
Deletion	SL4.0ch07	64574570	64574632	62	SPIMPch07	64084858	64084858	0	SV_w_51899
Deletion	SL4.0ch01	6005369	6005405	36	SPIMPch01	6281675	6281675	0	SV_w_4845
Insertion	SL4.0ch04	62811602	62811602	0	SPIMPch04	65333861	65333875	14	SV_w_27716
Deletion	SL4.0ch06	45832714	45832730	16	SPIMPch06	48111746	48111746	0	SV_w_45084
Tandem_expansion/INS	SL4.0ch06	33704319	33704318	-1	SPIMPch06	35722430	35726428	3998	SV_b_22277a
Insertion	SL4.0ch02	4090268	4090268	0	SPIMPch02	4292306	4292389	83	SV_w_11998
Deletion	SL4.0ch09	2709046	2709103	57	SPIMPch09	2693573	2693573	0	SV_w_64060
Insertion	SL4.0ch04	60839556	60839556	0	SPIMPch04	63306538	63306549	11	SV_w_29038
Insertion	SL4.0ch06	2702059	2702059	0	SPIMPch06	2841858	2841880	22	SV_w_42109
Insertion	SL4.0ch01	88008854	88008854	0	SPIMPch01	92627508	92627518	10	SV_w_10377
Deletion	SL4.0ch09	65678445	65679171	726	SPIMPch09	68425727	68425727	0	SV_w_64072
Insertion	SL4.0ch06	24958543	24958543	0	SPIMPch06	24346252	24346396	144	SV_w_85152
Insertion	SL4.0ch03	2825496	2825496	0	SPIMPch03	2812071	2812125	54	SV_w_20175
Insertion	SL4.0ch10	1915345	1915345	0	SPIMPch10	2020467	2020478	11	SV_w_69309
Insertion	SL4.0ch06	25776474	25776474	0	SPIMPch06	23377757	23377767	10	SV_w_85831
Insertion	SL4.0ch01	7587819	7587819	0	SPIMPch01	8027063	8027116	53	SV_w_595
Insertion	SL4.0ch10	44997617	44997617	0	SPIMPch10	47942228	47942249	21	SV_w_88464
Deletion	SL4.0ch05	49187962	49188610	648	SPIMPch05	50638866	50638866	0	SV_w_35482
Insertion	SL4.0ch11	2239535	2239535	0	SPIMPch11	2229012	2229053	41	SV_w_73978
Deletion	SL4.0ch03	10367397	10367417	20	SPIMPch03	11049323	11049323	0	SV_w_18537
Deletion	SL4.0ch02	51336180	51336194	14	SPIMPch02	53573731	53573731	0	SV_w_16841
Deletion	SL4.0ch08	52496605	52496616	11	SPIMPch08	55035694	55035694	0	SV_w_54850
Deletion	SL4.0ch09	60545680	60545690	10	SPIMPch09	63268232	63268232	0	SV_w_62408
Insertion	SL4.0ch07	35537689	35537689	0	SPIMPch07	34889021	34889052	31	SV_w_47315
Insertion	SL4.0ch04	11956278	11956278	0	SPIMPch04	12228743	12228764	21	SV_w_28213
Deletion	SL4.0ch12	59734761	59735101	340	SPIMPch12	63046073	63046073	0	SV_w_82436
Insertion	SL4.0ch10	3158963	3158963	0	SPIMPch10	3273286	3273297	11	SV_w_70619
Insertion	SL4.0ch02	22043945	22043946	1	SPIMPch02	23468815	23533427	64612	SV_b_18790
Deletion/Substitution	SL4.0ch02	12793499	12793596	97	SPIMPch02	13784446	13784454	8	SV_w_14587
Deletion	SL4.0ch01	60642507	60642539	32	SPIMPch01	65435417	65435417	0	SV_w_2917
Insertion	SL4.0ch12	49882189	49882189	0	SPIMPch12	53157892	53157906	14	SV_w_77748
Deletion	SL4.0ch10	55761208	55761247	39	SPIMPch10	58891787	58891787	0	SV_w_67596
Deletion	SL4.0ch10	47767376	47767396	20	SPIMPch10	50798213	50798213	0	SV_w_88534
Insertion	SL4.0ch06	28730213	28730213	0	SPIMPch06	30803330	30803344	14	SV_w_41266
Insertion	SL4.0ch09	43545383	43545383	0	SPIMPch09	45633932	45633942	10	SV_w_60713
Insertion	SL4.0ch05	63452630	63452630	0	SPIMPch05	65057312	65057325	13	SV_w_37406
Deletion	SL4.0ch04	43706812	43706831	19	SPIMPch04	45913678	45913678	0	SV_w_31379
Deletion	SL4.0ch12	6654839	6654853	14	SPIMPch12	6710655	6710655	0	SV_w_80790
Deletion	SL4.0ch07	65702873	65702891	18	SPIMPch07	65271349	65271349	0	SV_w_47803
Insertion	SL4.0ch01	57370258	57370258	0	SPIMPch01	62053097	62053109	12	SV_w_2386
Deletion	SL4.0ch11	29479684	29479702	18	SPIMPch11	30890047	30890047	0	SV_w_72546
Deletion	SL4.0ch07	61820370	61820381	11	SPIMPch07	61298733	61298733	0	SV_w_50686
Insertion	SL4.0ch03	3467402	3467402	0	SPIMPch03	3445166	3445178	12	SV_w_25832
Deletion	SL4.0ch04	19280429	19280998	569	SPIMPch04	20697679	20697679	0	SV_w_33187
Insertion	SL4.0ch04	62417566	62417566	0	SPIMPch04	64908097	64908126	29	SV_w_33242
Deletion	SL4.0ch07	25522831	25522890	59	SPIMPch07	25588779	25588779	0	SV_w_46238
Deletion	SL4.0ch12	22761545	22761556	11	SPIMPch12	23437991	23437991	0	SV_w_78804
Insertion	SL4.0ch12	16595088	16595088	0	SPIMPch12	16647167	16647194	27	SV_w_76817
Insertion	SL4.0ch02	34288890	34288890	0	SPIMPch02	36164002	36164016	14	SV_w_17560
Insertion	SL4.0ch11	22482037	22482037	0	SPIMPch11	23495479	23495509	30	SV_w_73138
Insertion	SL4.0ch10	31346504	31346504	0	SPIMPch10	32750682	32750700	18	SV_w_66621
Deletion	SL4.0ch01	67587023	67587042	19	SPIMPch01	72277142	72277142	0	SV_w_3388
Deletion	SL4.0ch02	24705610	24706026	416	SPIMPch02	26060552	26060552	0	SV_w_14519
Deletion	SL4.0ch10	46834695	46834742	47	SPIMPch10	49714617	49714617	0	SV_w_69857
Insertion	SL4.0ch11	18161355	18161355	0	SPIMPch11	19782690	19782713	23	SV_w_73475
Insertion	SL4.0ch01	50553452	50553452	0	SPIMPch01	54866539	54866561	22	SV_w_2824
Deletion	SL4.0ch08	19067844	19067895	51	SPIMPch08	20741008	20741008	0	SV_w_54351
Insertion	SL4.0ch01	53642843	53642843	0	SPIMPch01	57910981	57911031	50	SV_w_241
Deletion	SL4.0ch09	63213968	63214263	295	SPIMPch09	65857088	65857088	0	SV_w_62859
Insertion	SL4.0ch01	23789365	23789365	0	SPIMPch01	27160895	27160905	10	SV_w_2713
Deletion/Substitution	SL4.0ch09	61860992	61866367	5375	SPIMPch09	64527847	64527855	8	SV_w_64869
Deletion	SL4.0ch12	22707097	22707125	28	SPIMPch12	23404572	23404572	0	SV_w_77888
Deletion	SL4.0ch05	1008033	1008058	25	SPIMPch05	88234	88234	0	SV_w_91196
Insertion	SL4.0ch01	26907208	26907208	0	SPIMPch01	30365294	30365306	12	SV_w_5074
Insertion	SL4.0ch07	30546120	30546120	0	SPIMPch07	28469690	28469706	16	SV_w_45496
Deletion	SL4.0ch09	61745044	61745120	76	SPIMPch09	64400929	64400929	0	SV_w_61812
Insertion	SL4.0ch11	29840612	29840612	0	SPIMPch11	31241905	31241987	82	SV_w_71194
Deletion	SL4.0ch01	63961676	63961686	10	SPIMPch01	68690567	68690567	0	SV_w_6093
Insertion	SL4.0ch01	13493417	13493417	0	SPIMPch01	16376221	16396919	20698	SV_b_17508
Insertion	SL4.0ch01	54127101	54127101	0	SPIMPch01	58398668	58398688	20	SV_w_5831
Deletion	SL4.0ch02	50108041	50108053	12	SPIMPch02	52345504	52345504	0	SV_w_16195
Deletion	SL4.0ch04	5566151	5566554	403	SPIMPch04	5840168	5840168	0	SV_w_28512
Deletion	SL4.0ch03	25946925	25946997	72	SPIMPch03	26399714	26399714	0	SV_w_18990
Deletion	SL4.0ch08	57241089	57241106	17	SPIMPch08	59861564	59861564	0	SV_w_58665
Insertion	SL4.0ch03	34222771	34222771	0	SPIMPch03	34980386	34980405	19	SV_w_24900
Deletion	SL4.0ch03	7206948	7206958	10	SPIMPch03	7894146	7894146	0	SV_w_20969
Deletion	SL4.0ch09	55442640	55442680	40	SPIMPch09	57986683	57986683	0	SV_w_61043
Deletion	SL4.0ch12	4756382	4756416	34	SPIMPch12	4822097	4822097	0	SV_w_82256
Insertion	SL4.0ch04	52623032	52623032	0	SPIMPch04	55089729	55089961	232	SV_w_32314
Deletion	SL4.0ch01	75316878	75317165	287	SPIMPch01	79988056	79988056	0	SV_w_9113
Deletion	SL4.0ch07	67324706	67324722	16	SPIMPch07	66892157	66892157	0	SV_w_47325
Insertion	SL4.0ch10	60570321	60570321	0	SPIMPch10	63866213	63866225	12	SV_w_66855
Deletion	SL4.0ch05	25872005	25872022	17	SPIMPch05	26770503	26770503	0	SV_w_35294
Deletion	SL4.0ch09	67746022	67746065	43	SPIMPch09	70470951	70470951	0	SV_w_64017
Insertion	SL4.0ch03	54574149	54574149	0	SPIMPch03	55001926	55001937	11	SV_w_22195
Deletion	SL4.0ch01	52991249	52991424	175	SPIMPch01	57259117	57259117	0	SV_w_1302
Deletion	SL4.0ch12	65628198	65628213	15	SPIMPch12	69182066	69182066	0	SV_w_79839
Insertion	SL4.0ch10	35489970	35489970	0	SPIMPch10	37362415	37362425	10	SV_w_66455
Deletion	SL4.0ch04	61313599	61313611	12	SPIMPch04	63791283	63791283	0	SV_w_33347
Deletion	SL4.0ch12	639032	639160	128	SPIMPch12	642638	642638	0	SV_w_82139
Deletion	SL4.0ch10	98300	98312	12	SPIMPch10	237910	237910	0	SV_w_69013
Deletion	SL4.0ch01	32518852	32518874	22	SPIMPch01	36195320	36195320	0	SV_w_52
Deletion	SL4.0ch12	23555096	23555114	18	SPIMPch12	24636661	24636661	0	SV_w_79186
Insertion	SL4.0ch10	40506797	40506797	0	SPIMPch10	43268114	43268137	23	SV_w_87595
Deletion	SL4.0ch08	37734357	37734378	21	SPIMPch08	40563819	40563819	0	SV_w_55648
Insertion	SL4.0ch10	6523340	6523340	0	SPIMPch10	6491605	6491646	41	SV_w_65616
Deletion	SL4.0ch02	5968084	5968098	14	SPIMPch02	6525871	6525871	0	SV_w_14101
Deletion	SL4.0ch01	82646341	82646352	11	SPIMPch01	87303967	87303967	0	SV_w_2689
Insertion	SL4.0ch04	37975242	37975242	0	SPIMPch04	39920359	39920890	531	SV_w_28476
Insertion	SL4.0ch11	32805922	32805922	0	SPIMPch11	34227550	34227561	11	SV_w_71138
Deletion	SL4.0ch10	55752334	55752348	14	SPIMPch10	58886550	58886550	0	SV_w_67591
Insertion	SL4.0ch05	6095727	6095727	0	SPIMPch05	6353432	6353444	12	SV_w_38908
Insertion	SL4.0ch01	31780968	31780968	0	SPIMPch01	35383512	35383627	115	SV_w_2008
Insertion	SL4.0ch01	51765971	51765971	0	SPIMPch01	56022042	56022081	39	SV_w_7615
Deletion	SL4.0ch04	4462217	4462296	79	SPIMPch04	4488336	4488336	0	SV_w_30254
Insertion	SL4.0ch10	1943031	1943031	0	SPIMPch10	2048229	2048306	77	SV_w_69314
Insertion	SL4.0ch04	15754858	15754858	0	SPIMPch04	17052977	17052990	13	SV_w_26476
Insertion	SL4.0ch07	49818424	49818424	0	SPIMPch07	49150773	49150788	15	SV_w_49226
Insertion	SL4.0ch09	1666499	1666499	0	SPIMPch09	1674470	1674482	12	SV_w_62282
Insertion	SL4.0ch11	9484053	9484053	0	SPIMPch11	9433096	9433116	20	SV_w_72807
Insertion	SL4.0ch12	63321007	63321007	0	SPIMPch12	66859152	66859166	14	SV_w_82490
Deletion	SL4.0ch11	5280982	5281000	18	SPIMPch11	5220244	5220244	0	SV_w_76586
Insertion	SL4.0ch11	39982731	39982731	0	SPIMPch11	41393865	41395258	1393	SV_w_74922
Insertion	SL4.0ch07	8150755	8150755	0	SPIMPch07	8555497	8555556	59	SV_w_46131
Insertion	SL4.0ch06	10950505	10950505	0	SPIMPch06	12069526	12069544	18	SV_w_41614
Insertion	SL4.0ch06	35595882	35595882	0	SPIMPch06	37634510	37634524	14	SV_w_41811
Deletion	SL4.0ch01	80426814	80426825	11	SPIMPch01	85084385	85084385	0	SV_w_1202
Insertion	SL4.0ch11	49594107	49594107	0	SPIMPch11	51336642	51336680	38	SV_w_74044
Insertion	SL4.0ch09	5807180	5807180	0	SPIMPch09	6041664	6041674	10	SV_w_62333
Deletion	SL4.0ch08	56107079	56107094	15	SPIMPch08	58659242	58659242	0	SV_w_58845
Insertion	SL4.0ch02	2023753	2023753	0	SPIMPch02	2037327	2037340	13	SV_w_11906
Insertion	SL4.0ch06	25322716	25322716	0	SPIMPch06	23983958	23983976	18	SV_w_85639
Deletion	SL4.0ch06	18055770	18055897	127	SPIMPch06	30442447	30442448	1	SV_b_22113
Insertion	SL4.0ch08	29887021	29887021	0	SPIMPch08	32899136	32899158	22	SV_w_86373
Insertion	SL4.0ch03	52438124	52438124	0	SPIMPch03	52795456	52795489	33	SV_w_22946
Insertion	SL4.0ch04	45802351	45802351	0	SPIMPch04	48060574	48060627	53	SV_w_28692
Insertion	SL4.0ch10	14044571	14044571	0	SPIMPch10	24407014	24407046	32	SV_w_87703
Deletion	SL4.0ch01	29231059	29231276	217	SPIMPch01	8907509	8907509	0	SV_w_10390
Insertion	SL4.0ch09	45525489	45525489	0	SPIMPch09	46677690	46687788	10098	SV_w_87451
Deletion	SL4.0ch06	35282119	35282129	10	SPIMPch06	37299178	37299178	0	SV_w_44830
Deletion	SL4.0ch01	28569613	28569628	15	SPIMPch01	32066252	32066252	0	SV_w_10256
Deletion	SL4.0ch03	27224256	27224332	76	SPIMPch03	27712295	27712295	0	SV_w_22399
Deletion	SL4.0ch02	5871974	5871988	14	SPIMPch02	6420013	6420013	0	SV_w_13536
Deletion	SL4.0ch01	21841122	21841137	15	SPIMPch01	25351738	25351738	0	SV_w_317
Deletion	SL4.0ch03	2600532	2600542	10	SPIMPch03	2576714	2576714	0	SV_w_24971
Insertion	SL4.0ch08	6531611	6531611	0	SPIMPch08	6572116	6572134	18	SV_w_54198
Insertion	SL4.0ch08	40859077	40859077	0	SPIMPch08	43475202	43475213	11	SV_w_55271
Insertion	SL4.0ch10	3729008	3729008	0	SPIMPch10	3948229	3948243	14	SV_w_68469
Deletion	SL4.0ch01	78029678	78029690	12	SPIMPch01	82675200	82675200	0	SV_w_7313
Deletion	SL4.0ch09	61883514	61883527	13	SPIMPch09	64545025	64545025	0	SV_w_64873
Deletion	SL4.0ch01	75344786	75344842	56	SPIMPch01	80018575	80018575	0	SV_w_9122
Deletion	SL4.0ch12	51044920	51044940	20	SPIMPch12	54308967	54308967	0	SV_w_78656
Insertion	SL4.0ch03	38036613	38036613	0	SPIMPch03	35614087	35614150	63	SV_w_84205
Insertion	SL4.0ch05	50391652	50391652	0	SPIMPch05	51726266	51726285	19	SV_w_35374
Deletion	SL4.0ch04	24416463	24416477	14	SPIMPch04	22260384	22260384	0	SV_w_84692
Deletion	SL4.0ch03	60430592	60430604	12	SPIMPch03	61017490	61017490	0	SV_w_25420
Deletion	SL4.0ch09	60649927	60669645	19718	SPIMPch09	63372702	63372707	-5	SV_b_24610
Insertion	SL4.0ch09	28028968	28028968	0	SPIMPch09	29942155	29942273	118	SV_w_60091
Insertion	SL4.0ch08	3594073	3594073	0	SPIMPch08	3697155	3697174	19	SV_w_59230
Deletion	SL4.0ch07	54502848	54502858	10	SPIMPch07	53876689	53876689	0	SV_w_49550
Deletion	SL4.0ch08	30410994	30411023	29	SPIMPch08	32412047	32412047	0	SV_w_86628
Deletion	SL4.0ch10	64054105	64054123	18	SPIMPch10	67275929	67275929	0	SV_w_69604
Insertion	SL4.0ch06	25550757	25550760	-3	SPIMPch06	23598257	23613397	15140	SV_b_22160
Deletion	SL4.0ch11	33776680	33776958	278	SPIMPch11	35192631	35192631	0	SV_w_71766
Insertion	SL4.0ch05	63203693	63203693	0	SPIMPch05	64776061	64776107	46	SV_w_38356
Deletion	SL4.0ch07	57350293	57350475	182	SPIMPch07	56636991	56636991	0	SV_w_48883
Repeat_contraction/DEL	SL4.0ch07	60798351	60804348	5997	SPIMPch07	60302544	60302544	0	SV_b_23266b
Insertion	SL4.0ch08	57220164	57220164	0	SPIMPch08	59837512	59837524	12	SV_w_58622
Insertion	SL4.0ch03	35485128	35485128	0	SPIMPch03	38277762	38277794	32	SV_w_84430
Deletion	SL4.0ch03	9960780	9960793	13	SPIMPch03	10636613	10636613	0	SV_w_21283
Deletion	SL4.0ch01	21673073	21684035	10962	SPIMPch01	25194548	25194548	0	SV_w_308
Repeat_expansion/INS	SL4.0ch08	479911	479945	34	SPIMPch08	484017	484625	608	SV_b_23467a
Deletion	SL4.0ch08	47973456	47973475	19	SPIMPch08	50359049	50359049	0	SV_w_56584
Insertion	SL4.0ch03	202863	202863	0	SPIMPch03	223095	223115	20	SV_w_23751
Deletion	SL4.0ch12	57005654	57005670	16	SPIMPch12	60521095	60521095	0	SV_w_81425
Insertion	SL4.0ch04	6145612	6145612	0	SPIMPch04	6415901	6415914	13	SV_w_29503
Deletion	SL4.0ch06	25163494	25163504	10	SPIMPch06	24140259	24140259	0	SV_w_86019
Deletion	SL4.0ch01	52181768	52181779	11	SPIMPch01	56419459	56419459	0	SV_w_1659
Insertion	SL4.0ch07	50640404	50640404	0	SPIMPch07	50038427	50038524	97	SV_w_48466
Insertion	SL4.0ch11	358337	358337	0	SPIMPch11	363512	363625	113	SV_w_73406
Deletion	SL4.0ch07	65125144	65125161	17	SPIMPch07	64665819	64665819	0	SV_w_47358
Insertion	SL4.0ch11	27000486	27000486	0	SPIMPch11	28280161	28280175	14	SV_w_72014
Deletion	SL4.0ch11	25955330	25955738	408	SPIMPch11	27194518	27194518	0	SV_w_71624
Insertion	SL4.0ch07	67130124	67130124	0	SPIMPch07	66701628	66701668	40	SV_w_52680
Deletion	SL4.0ch02	7728853	7728923	70	SPIMPch02	8307469	8307469	0	SV_w_11758
Deletion	SL4.0ch03	49567940	49567956	16	SPIMPch03	49875019	49875019	0	SV_w_23889
Deletion	SL4.0ch07	58495004	58495014	10	SPIMPch07	57813815	57813815	0	SV_w_48566
Insertion	SL4.0ch05	58267961	58267961	0	SPIMPch05	59621728	59621756	28	SV_w_35593
Deletion	SL4.0ch06	35448726	35448738	12	SPIMPch06	37472454	37472454	0	SV_w_43795
Insertion	SL4.0ch12	44923956	44923956	0	SPIMPch12	48175509	48175608	99	SV_w_77779
Deletion	SL4.0ch04	44602508	44602519	11	SPIMPch04	46854730	46854730	0	SV_w_28033
Insertion	SL4.0ch08	52500956	52500956	0	SPIMPch08	55040030	55040042	12	SV_w_54851
Insertion	SL4.0ch02	16302192	16302192	0	SPIMPch02	18038243	18038256	13	SV_w_15380
Insertion	SL4.0ch04	53065655	53065655	0	SPIMPch04	55530758	55531161	403	SV_w_28932
Insertion	SL4.0ch08	50186798	50186798	0	SPIMPch08	52672955	52672966	11	SV_w_53744
Insertion	SL4.0ch11	47834642	47834642	0	SPIMPch11	49494621	49494633	12	SV_w_75561
Insertion	SL4.0ch01	72938623	72938623	0	SPIMPch01	77622722	77622732	10	SV_w_5171
Insertion	SL4.0ch01	1253687	1253687	0	SPIMPch01	1355338	1355350	12	SV_w_9903
Insertion	SL4.0ch01	7325657	7325657	0	SPIMPch01	7763518	7763530	12	SV_w_3924
Insertion	SL4.0ch09	54209406	54209406	0	SPIMPch09	56743507	56743519	12	SV_w_61341
Insertion	SL4.0ch07	47648376	47648376	0	SPIMPch07	46919367	46919402	35	SV_w_86317
Deletion/Substitution	SL4.0ch04	1507999	1508068	69	SPIMPch04	1481562	1481574	12	SV_w_32659
Insertion	SL4.0ch12	5960275	5960275	0	SPIMPch12	6040573	6040590	17	SV_w_81055
Insertion	SL4.0ch12	2331547	2331547	0	SPIMPch12	2311022	2311033	11	SV_w_81534
Deletion	SL4.0ch10	20320654	20320671	17	SPIMPch10	18140834	18140834	0	SV_w_87897
Insertion	SL4.0ch02	40525555	40525555	0	SPIMPch02	42521412	42521432	20	SV_w_13783
Deletion	SL4.0ch07	1657125	1657142	17	SPIMPch07	1705628	1705628	0	SV_w_48232
Deletion	SL4.0ch02	11318561	11318581	20	SPIMPch02	12031056	12031056	0	SV_w_13959
Insertion	SL4.0ch08	3033578	3033578	0	SPIMPch08	3125357	3126224	867	SV_w_56505
Insertion	SL4.0ch10	43592533	43592533	0	SPIMPch10	46393913	46393943	30	SV_w_68790
Insertion	SL4.0ch08	54628397	54628397	0	SPIMPch08	57196465	57196477	12	SV_w_59376
Insertion	SL4.0ch10	28429477	28429477	0	SPIMPch10	29788119	29788131	12	SV_w_65640
Insertion	SL4.0ch01	77682504	77682504	0	SPIMPch01	82330190	82330211	21	SV_w_1574
Deletion	SL4.0ch02	52408370	52408391	21	SPIMPch02	54624353	54624353	0	SV_w_13789
Deletion	SL4.0ch11	6063253	6063267	14	SPIMPch11	5951404	5951404	0	SV_w_75101
Insertion	SL4.0ch11	42301476	42301476	0	SPIMPch11	43795327	43795357	30	SV_w_71398
Insertion	SL4.0ch10	18902603	18902603	0	SPIMPch10	19494524	19494536	12	SV_w_87802
Insertion	SL4.0ch04	60217904	60217904	0	SPIMPch04	62683474	62683725	251	SV_w_31664
Insertion	SL4.0ch11	40617711	40617711	0	SPIMPch11	42103357	42103371	14	SV_w_71821
Insertion	SL4.0ch01	86049707	86049707	0	SPIMPch01	90681096	90681155	59	SV_w_5000
Deletion	SL4.0ch04	62320282	62320451	169	SPIMPch04	64787868	64787868	0	SV_w_33545
Deletion	SL4.0ch06	32949440	32949463	23	SPIMPch06	34940869	34940869	0	SV_w_40540
Insertion	SL4.0ch10	52301890	52301890	0	SPIMPch10	55340846	55341946	1100	SV_w_65975
Deletion	SL4.0ch07	60337690	60342707	5017	SPIMPch07	59846801	59846801	0	SV_w_50133
Deletion	SL4.0ch09	67696624	67696638	14	SPIMPch09	70417591	70417591	0	SV_w_64884
Insertion	SL4.0ch12	39114665	39114665	0	SPIMPch12	42044118	42044130	12	SV_w_78526
Insertion	SL4.0ch12	4449042	4449042	0	SPIMPch12	4532835	4532854	19	SV_w_81394
Insertion	SL4.0ch08	3441726	3441726	0	SPIMPch08	3538707	3538739	32	SV_w_57258
Insertion	SL4.0ch04	43824479	43824479	0	SPIMPch04	46026094	46026106	12	SV_w_29242
Deletion	SL4.0ch02	1652309	1652323	14	SPIMPch02	1674325	1674325	0	SV_w_12795
Insertion	SL4.0ch09	54540349	54540349	0	SPIMPch09	57077994	57078004	10	SV_w_61188
Deletion	SL4.0ch07	3016222	3016241	19	SPIMPch07	3107596	3107596	0	SV_w_51631
Deletion	SL4.0ch01	64668112	64680254	12142	SPIMPch01	69425810	69425810	0	SV_w_2201
Deletion	SL4.0ch06	45329853	45329867	14	SPIMPch06	47601724	47601724	0	SV_w_41592
Deletion	SL4.0ch01	4398511	4398555	44	SPIMPch01	4623725	4623725	0	SV_w_11218
Insertion	SL4.0ch12	57593448	57593448	0	SPIMPch12	61111004	61111067	63	SV_w_79133
Insertion	SL4.0ch08	51168294	51168294	0	SPIMPch08	53681511	53681532	21	SV_w_54017
Deletion	SL4.0ch01	27018467	27018480	13	SPIMPch01	30476708	30476708	0	SV_w_3110
Deletion	SL4.0ch09	1045868	1045882	14	SPIMPch09	1055661	1055661	0	SV_w_62699
Insertion	SL4.0ch06	28132141	28132141	0	SPIMPch06	20707202	20707216	14	SV_w_86013
Deletion	SL4.0ch05	15343597	15343975	378	SPIMPch05	15739689	15739689	0	SV_w_34981
Deletion	SL4.0ch03	51295505	51295517	12	SPIMPch03	51605581	51605581	0	SV_w_22499
Insertion	SL4.0ch05	17711493	17711493	0	SPIMPch05	18079256	18079276	20	SV_w_34381
Insertion	SL4.0ch08	50323265	50323265	0	SPIMPch08	52787017	52795018	8001	SV_w_57809
Deletion	SL4.0ch08	19635649	19658060	22411	SPIMPch08	21314290	21314290	0	SV_b_23726
Insertion	SL4.0ch08	46591398	46591398	0	SPIMPch08	48962188	48962237	49	SV_w_56327
Deletion	SL4.0ch07	205433	205462	29	SPIMPch07	254165	254165	0	SV_w_50286
Insertion	SL4.0ch10	2968786	2968786	0	SPIMPch10	3076997	3077018	21	SV_w_69432
Insertion	SL4.0ch10	58370232	58370232	0	SPIMPch10	61693027	61693055	28	SV_w_70713
Deletion	SL4.0ch10	7306985	7307005	20	SPIMPch10	7275018	7275018	0	SV_w_65424
Deletion	SL4.0ch08	42578050	42578956	906	SPIMPch08	45078653	45078653	0	SV_w_58240
Insertion	SL4.0ch03	5394370	5394370	0	SPIMPch03	5483784	5483814	30	SV_w_25565
Insertion	SL4.0ch11	52275821	52275821	0	SPIMPch11	53981455	53981479	24	SV_w_73471
Insertion	SL4.0ch03	20870801	20870801	0	SPIMPch03	21317180	21317198	18	SV_w_18736
Insertion	SL4.0ch01	88070317	88070317	0	SPIMPch01	92667440	92667453	13	SV_w_6806
Deletion	SL4.0ch06	39020729	39020745	16	SPIMPch06	41184013	41184013	0	SV_w_41073
Insertion	SL4.0ch01	17113761	17113761	0	SPIMPch01	12679539	12679563	24	SV_w_83567
Insertion	SL4.0ch02	1581645	1581645	0	SPIMPch02	1601368	1601381	13	SV_w_12788
Insertion	SL4.0ch03	60009304	60009304	0	SPIMPch03	60556641	60556653	12	SV_w_21990
Deletion	SL4.0ch10	48494493	48495584	1091	SPIMPch10	51473133	51473133	0	SV_w_69866
Deletion	SL4.0ch04	55686030	55686315	285	SPIMPch04	58143783	58143783	0	SV_w_27971
Insertion	SL4.0ch01	12007392	12007392	0	SPIMPch01	19320701	19320720	19	SV_w_2152
Deletion	SL4.0ch07	30885727	30886058	331	SPIMPch07	28808152	28808152	0	SV_w_45528
Deletion	SL4.0ch04	59229479	59229511	32	SPIMPch04	61698164	61698164	0	SV_w_26673
Deletion	SL4.0ch11	49212287	49212311	24	SPIMPch11	50969177	50969177	0	SV_w_74631
Insertion	SL4.0ch07	3119248	3119248	0	SPIMPch07	3213302	3213326	24	SV_w_48822
Deletion	SL4.0ch10	60750570	60750595	25	SPIMPch10	64051730	64051730	0	SV_w_67463
Insertion	SL4.0ch10	2811714	2811714	0	SPIMPch10	2914088	2914124	36	SV_w_70861
Deletion	SL4.0ch08	60832044	60832054	10	SPIMPch08	63528318	63528318	0	SV_w_55859
Insertion	SL4.0ch01	11847693	11847693	0	SPIMPch01	19158902	19158921	19	SV_w_5875
Insertion	SL4.0ch05	5604353	5604353	0	SPIMPch05	5865143	5865162	19	SV_w_38502
Deletion	SL4.0ch11	23262691	23262703	12	SPIMPch11	24523214	24523214	0	SV_w_73654
Deletion	SL4.0ch11	1619717	1619728	11	SPIMPch11	1610976	1610976	0	SV_w_75255
Insertion	SL4.0ch06	34802767	34802767	0	SPIMPch06	36809202	36809240	38	SV_w_43886
Insertion	SL4.0ch01	58925722	58925722	0	SPIMPch01	63660803	63660882	79	SV_w_1075
Deletion	SL4.0ch05	61522964	61522977	13	SPIMPch05	63039626	63039626	0	SV_w_39165
Deletion	SL4.0ch04	57186363	57186388	25	SPIMPch04	59684501	59684501	0	SV_w_30420
Deletion	SL4.0ch05	53136815	53136851	36	SPIMPch05	54434549	54434549	0	SV_w_36128
Insertion	SL4.0ch02	36766795	36766795	0	SPIMPch02	38613432	38613449	17	SV_w_17837
Insertion	SL4.0ch06	23169066	23169066	0	SPIMPch06	26163490	26163894	404	SV_w_85684
Insertion	SL4.0ch11	53983491	53983491	0	SPIMPch11	55727817	55727885	68	SV_w_74795
Insertion	SL4.0ch04	56595332	56595332	0	SPIMPch04	59071415	59071426	11	SV_w_30451
Deletion	SL4.0ch01	70756125	70756141	16	SPIMPch01	75438313	75438313	0	SV_w_7531
Insertion	SL4.0ch08	13874103	13874103	0	SPIMPch08	15708911	15708932	21	SV_w_58541
Deletion	SL4.0ch06	29758748	29758763	15	SPIMPch06	31864252	31864252	0	SV_w_43347
Insertion	SL4.0ch06	34865578	34865578	0	SPIMPch06	36876411	36876438	27	SV_w_44183
Insertion	SL4.0ch07	58325231	58325231	0	SPIMPch07	57634558	57634571	13	SV_w_49762
Insertion	SL4.0ch07	38764323	38764323	0	SPIMPch07	38078506	38078517	11	SV_w_51310
Insertion	SL4.0ch06	33099739	33099739	0	SPIMPch06	35072999	35073013	14	SV_w_42701
Insertion	SL4.0ch09	2984961	2984961	0	SPIMPch09	2987451	2987497	46	SV_w_63557
Insertion	SL4.0ch04	61173771	61173771	0	SPIMPch04	63652316	63652332	16	SV_w_27602
Deletion	SL4.0ch07	59916614	59926023	9409	SPIMPch07	59391670	59391670	0	SV_w_52574
Insertion	SL4.0ch12	184870	184870	0	SPIMPch12	178759	178778	19	SV_w_79346
Deletion	SL4.0ch01	87772532	87772555	23	SPIMPch01	92384949	92384949	0	SV_w_1723
Insertion	SL4.0ch08	20640441	20640441	0	SPIMPch08	22283548	22283573	25	SV_w_58227
Deletion	SL4.0ch02	46119650	46119667	17	SPIMPch02	48324881	48324881	0	SV_w_11644
Insertion	SL4.0ch09	28007945	28007945	0	SPIMPch09	29921099	29921115	16	SV_w_60090
Repeat_expansion/INS	SL4.0ch12	10404661	10404686	25	SPIMPch12	10440562	10440609	47	SV_b_26431a
Insertion	SL4.0ch01	47004711	47004711	0	SPIMPch01	49898089	49898137	48	SV_w_83605
Deletion	SL4.0ch03	57716490	57716503	13	SPIMPch03	58267722	58267722	0	SV_w_20705
Deletion	SL4.0ch03	5837988	5838031	43	SPIMPch03	5967828	5967828	0	SV_w_21482
Insertion	SL4.0ch04	42562993	42562993	0	SPIMPch04	44700295	44700306	11	SV_w_27452
Deletion	SL4.0ch07	2133914	2133986	72	SPIMPch07	2195147	2195147	0	SV_w_49980
Deletion	SL4.0ch07	60440381	60440394	13	SPIMPch07	59947880	59947880	0	SV_w_50356
Insertion	SL4.0ch04	50588667	50588667	0	SPIMPch04	52999486	52999497	11	SV_w_29429
Deletion	SL4.0ch01	6182881	6182895	14	SPIMPch01	6621073	6621073	0	SV_w_90338
Deletion	SL4.0ch01	68858371	68858386	15	SPIMPch01	73464882	73464882	0	SV_w_3337
Deletion	SL4.0ch01	42349718	42349839	121	SPIMPch01	48020886	48020886	0	SV_w_9007
Insertion	SL4.0ch01	50958803	50958803	0	SPIMPch01	55222447	55222782	335	SV_w_1001
Insertion	SL4.0ch06	40529008	40529008	0	SPIMPch06	42729620	42729633	13	SV_w_45087
Insertion	SL4.0ch04	49148461	49148461	0	SPIMPch04	51576961	51576993	32	SV_w_31434
Repeat_expansion/INS	SL4.0ch01	87986383	87986418	35	SPIMPch01	92598869	92599851	982	SV_b_18533a
Deletion	SL4.0ch01	10383599	10383629	30	SPIMPch01	22694878	22694878	0	SV_w_83641
Deletion	SL4.0ch07	64315081	64315092	11	SPIMPch07	63825898	63825898	0	SV_w_51891
Insertion	SL4.0ch11	51316774	51316774	0	SPIMPch11	53020100	53020110	10	SV_w_76180
Deletion	SL4.0ch04	56498782	56498793	11	SPIMPch04	58972238	58972238	0	SV_w_30434
Deletion	SL4.0ch05	53691349	53691362	13	SPIMPch05	55000468	55000468	0	SV_w_34846
Insertion	SL4.0ch02	23568001	23568001	0	SPIMPch02	24823986	24824021	35	SV_w_11593
Deletion	SL4.0ch07	63025649	63025659	10	SPIMPch07	62533990	62533990	0	SV_w_86339
Deletion	SL4.0ch08	49314237	49314265	28	SPIMPch08	51781337	51781337	0	SV_w_53292
Insertion	SL4.0ch10	5515347	5515347	0	SPIMPch10	5368487	5368529	42	SV_w_70844
Deletion	SL4.0ch11	27399078	27399103	25	SPIMPch11	28689422	28689422	0	SV_w_73375
Deletion	SL4.0ch03	49643396	49643416	20	SPIMPch03	49945481	49945481	0	SV_w_24443
Insertion	SL4.0ch03	3903456	3903456	0	SPIMPch03	4004006	4004071	65	SV_w_25571
Insertion	SL4.0ch02	13817613	13817613	0	SPIMPch02	14847881	14847978	97	SV_w_11242
Deletion	SL4.0ch05	11575857	11575884	27	SPIMPch05	11936733	11936733	0	SV_w_34207
Insertion	SL4.0ch07	7312141	7312141	0	SPIMPch07	7257644	7257712	68	SV_w_49046
Insertion	SL4.0ch05	2907636	2907636	0	SPIMPch05	3018347	3018364	17	SV_w_36249
Insertion	SL4.0ch03	49446808	49446808	0	SPIMPch03	49730148	49730158	10	SV_w_19273
Deletion	SL4.0ch04	3555489	3555579	90	SPIMPch04	3550193	3550193	0	SV_w_32408
Insertion	SL4.0ch06	27188559	27188559	0	SPIMPch06	21676001	21676019	18	SV_w_85987
Deletion	SL4.0ch12	2218501	2218527	26	SPIMPch12	2196195	2196195	0	SV_w_82453
Insertion	SL4.0ch06	34362442	34362442	0	SPIMPch06	36353143	36353263	120	SV_w_44557
Insertion	SL4.0ch10	244727	244727	0	SPIMPch10	359604	359614	10	SV_w_69766
Deletion	SL4.0ch08	60516237	60516251	14	SPIMPch08	63191003	63191003	0	SV_w_57792
Insertion	SL4.0ch04	31747145	31747145	0	SPIMPch04	33087799	33087835	36	SV_w_29124
Deletion	SL4.0ch07	53844122	53844132	10	SPIMPch07	53232766	53232766	0	SV_w_48533
Deletion	SL4.0ch11	47756129	47756148	19	SPIMPch11	49413078	49413078	0	SV_w_76269
Deletion	SL4.0ch04	26703543	26703705	162	SPIMPch04	28107951	28107951	0	SV_w_27894
Insertion	SL4.0ch08	4147587	4147587	0	SPIMPch08	4252348	4252360	12	SV_w_56641
Deletion	SL4.0ch01	3797717	3797727	10	SPIMPch01	4031921	4031921	0	SV_w_9267
Deletion	SL4.0ch02	6955935	6955949	14	SPIMPch02	7517680	7517680	0	SV_w_13227
Deletion	SL4.0ch04	64368537	64368553	16	SPIMPch04	66898399	66898399	0	SV_w_28896
Insertion	SL4.0ch01	8593512	8593512	0	SPIMPch01	9073853	9073910	57	SV_w_9997
Tandem_contraction/DEL	SL4.0ch09	23015804	23016965	1161	SPIMPch09	17259836	17259836	0	SV_b_24440a
Deletion	SL4.0ch07	67102006	67102021	15	SPIMPch07	66678821	66678821	0	SV_w_50974
Deletion	SL4.0ch03	58934045	58934068	23	SPIMPch03	59481887	59481887	0	SV_w_24772
Insertion	SL4.0ch01	76207972	76207972	0	SPIMPch01	80870475	80870517	42	SV_w_6069
Insertion	SL4.0ch04	50783187	50783187	0	SPIMPch04	53182646	53182938	292	SV_w_28649
Insertion	SL4.0ch03	50769360	50769360	0	SPIMPch03	51077103	51077137	34	SV_w_20987
Deletion	SL4.0ch05	10228507	10228526	19	SPIMPch05	10476679	10476679	0	SV_w_35639
Insertion	SL4.0ch04	6322613	6322613	0	SPIMPch04	6592226	6592244	18	SV_w_31982
Insertion	SL4.0ch02	44340137	44340137	0	SPIMPch02	46389056	46389067	11	SV_w_13616
Deletion	SL4.0ch08	46851954	46853119	1165	SPIMPch08	49222313	49222313	0	SV_w_55940
Deletion	SL4.0ch04	37334035	37334049	14	SPIMPch04	39271949	39271949	0	SV_w_27077
Insertion	SL4.0ch03	60265411	60265411	0	SPIMPch03	60850518	60850538	20	SV_w_23818
Deletion	SL4.0ch03	55480305	55480328	23	SPIMPch03	55996065	55996065	0	SV_w_25684
Insertion	SL4.0ch02	51854103	51854103	0	SPIMPch02	54085359	54085373	14	SV_w_13192
Deletion	SL4.0ch12	679964	679977	13	SPIMPch12	681202	681202	0	SV_w_81515
Insertion	SL4.0ch01	52697146	52697146	0	SPIMPch01	56954248	56954260	12	SV_w_5296
Deletion	SL4.0ch05	33434539	33434559	20	SPIMPch05	34482572	34482572	0	SV_w_34876
Deletion	SL4.0ch11	3227712	3227748	36	SPIMPch11	3224204	3224204	0	SV_w_74068
Insertion	SL4.0ch08	42300253	42300253	0	SPIMPch08	44848106	44848120	14	SV_w_54573
Insertion	SL4.0ch12	35623953	35623953	0	SPIMPch12	30646746	30646761	15	SV_w_80350
Insertion	SL4.0ch07	34766190	34766190	0	SPIMPch07	34107902	34107944	42	SV_w_45144
Deletion	SL4.0ch01	86055778	86055790	12	SPIMPch01	90684562	90684562	0	SV_w_8714
Insertion	SL4.0ch03	29800216	29800216	0	SPIMPch03	30495777	30495796	19	SV_w_19907
Insertion	SL4.0ch01	89565404	89565404	0	SPIMPch01	94192502	94192512	10	SV_w_1916
Insertion	SL4.0ch03	33310064	33310064	0	SPIMPch03	34075010	34075029	19	SV_w_18444
Deletion	SL4.0ch07	36953412	36953719	307	SPIMPch07	36257691	36257691	0	SV_w_46535
Insertion	SL4.0ch10	51122591	51122591	0	SPIMPch10	54173693	54173845	152	SV_w_67137
Deletion	SL4.0ch07	5949457	5950512	1055	SPIMPch07	5949533	5949535	-2	SV_b_22739
Deletion	SL4.0ch12	1425036	1425304	268	SPIMPch12	1429440	1429440	0	SV_w_82330
Deletion	SL4.0ch12	63598148	63598158	10	SPIMPch12	67135646	67135646	0	SV_w_81136
Insertion	SL4.0ch01	70709940	70709940	0	SPIMPch01	75383127	75393415	10288	SV_w_7525
Deletion	SL4.0ch06	36385334	36385372	38	SPIMPch06	38432534	38432534	0	SV_w_43433
Deletion	SL4.0ch10	53940871	53942745	1874	SPIMPch10	56983971	56983971	0	SV_w_66043
Insertion	SL4.0ch01	41202361	41202361	0	SPIMPch01	46132488	46132526	38	SV_w_7870
Insertion	SL4.0ch04	56197183	56197183	0	SPIMPch04	58648134	58648145	11	SV_w_29806
Insertion	SL4.0ch07	54187828	54187828	0	SPIMPch07	53569895	53569905	10	SV_w_48411
Insertion	SL4.0ch10	50884101	50884101	0	SPIMPch10	53933937	53933954	17	SV_w_68668
Deletion	SL4.0ch06	44697432	44697455	23	SPIMPch06	46903551	46903551	0	SV_w_43928
Insertion	SL4.0ch02	51559256	51559256	0	SPIMPch02	53800916	53800950	34	SV_w_12964
Insertion	SL4.0ch07	58067466	58067466	0	SPIMPch07	57381832	57381898	66	SV_w_47146
Insertion	SL4.0ch01	17942134	17942134	0	SPIMPch01	11839755	11839830	75	SV_w_83341
Insertion	SL4.0ch11	16252108	16252108	0	SPIMPch11	16513946	16513965	19	SV_w_71466
Deletion	SL4.0ch07	42529973	42529997	24	SPIMPch07	41542295	41542295	0	SV_w_86305
Insertion	SL4.0ch06	591933	591933	0	SPIMPch06	584557	584578	21	SV_w_43511
Deletion	SL4.0ch02	48971243	48971258	15	SPIMPch02	51195279	51195279	0	SV_w_15028
Insertion	SL4.0ch02	8668054	8668054	0	SPIMPch02	9227217	9227244	27	SV_w_11492
Insertion	SL4.0ch06	28488540	28488540	0	SPIMPch06	20340855	20340871	16	SV_w_43395
Deletion	SL4.0ch04	30728922	30729042	120	SPIMPch04	32163139	32163139	0	SV_w_32152
Insertion	SL4.0ch02	34237618	34237618	0	SPIMPch02	36116960	36116982	22	SV_w_17178
Insertion	SL4.0ch04	47899415	47899415	0	SPIMPch04	50231317	50231365	48	SV_w_32570
Deletion	SL4.0ch05	16354169	16354179	10	SPIMPch05	16751344	16751344	0	SV_w_33938
Insertion	SL4.0ch01	16025307	16025307	0	SPIMPch01	13828872	13828884	12	SV_w_82886
Deletion	SL4.0ch09	57672785	57675453	2668	SPIMPch09	60421708	60421708	0	SV_w_62239
Deletion	SL4.0ch04	13051295	13051305	10	SPIMPch04	13330789	13330789	0	SV_w_27170
Deletion	SL4.0ch05	6105560	6105571	11	SPIMPch05	6363164	6363164	0	SV_w_38913
Deletion	SL4.0ch06	33096423	33096442	19	SPIMPch06	35069715	35069715	0	SV_w_42699
Deletion	SL4.0ch11	9296393	9296437	44	SPIMPch11	9246168	9246168	0	SV_w_76021
Deletion	SL4.0ch12	63319145	63319156	11	SPIMPch12	66857406	66857406	0	SV_w_80980
Insertion	SL4.0ch06	20616471	20616471	0	SPIMPch06	28741463	28741507	44	SV_w_85204
Deletion	SL4.0ch03	47046038	47046050	12	SPIMPch03	47322642	47322642	0	SV_w_21775
Insertion	SL4.0ch07	11870368	11870368	0	SPIMPch07	12274142	12274154	12	SV_w_46059
Insertion	SL4.0ch10	20269733	20269733	0	SPIMPch10	18180734	18180773	39	SV_w_87699
Deletion	SL4.0ch01	658195	658213	18	SPIMPch01	696294	696294	0	SV_w_2999
Insertion	SL4.0ch03	1509740	1509740	0	SPIMPch03	1509414	1509451	37	SV_w_24449
Deletion	SL4.0ch04	46448293	46448321	28	SPIMPch04	48738740	48738740	0	SV_w_28840
Deletion	SL4.0ch09	62176996	62177073	77	SPIMPch09	64823281	64823281	0	SV_w_61506
Insertion	SL4.0ch02	46481430	46481430	0	SPIMPch02	48689180	48689212	32	SV_w_15646
Insertion	SL4.0ch05	62343202	62343202	0	SPIMPch05	63897529	63897539	10	SV_w_38418
Deletion	SL4.0ch11	9594357	9594441	84	SPIMPch11	9570077	9570077	0	SV_w_74725
Insertion	SL4.0ch06	14190706	14190706	0	SPIMPch06	15430349	15430378	29	SV_w_43108
Insertion	SL4.0ch02	48864077	48864077	0	SPIMPch02	51066696	51066717	21	SV_w_15999
Insertion	SL4.0ch12	4673448	4673448	0	SPIMPch12	4738588	4738615	27	SV_w_79434
Deletion	SL4.0ch06	45017841	45017884	43	SPIMPch06	47246052	47246052	0	SV_w_44950
Deletion	SL4.0ch10	54709891	54709905	14	SPIMPch10	57759906	57759906	0	SV_w_70068
Deletion	SL4.0ch01	76605459	76605469	10	SPIMPch01	81256973	81256973	0	SV_w_2280
Deletion	SL4.0ch11	34091291	34091304	13	SPIMPch11	35523505	35523505	0	SV_w_75081
Deletion	SL4.0ch03	49858053	49858199	146	SPIMPch03	50189046	50189046	0	SV_w_26101
Deletion	SL4.0ch11	39917252	39917269	17	SPIMPch11	41328649	41328649	0	SV_w_73129
Insertion	SL4.0ch09	6503617	6503617	0	SPIMPch09	6756814	6756834	20	SV_w_63332
Insertion	SL4.0ch06	19355771	19355771	0	SPIMPch06	30038782	30038804	22	SV_w_85431
Deletion	SL4.0ch09	3416832	3416842	10	SPIMPch09	3462699	3462699	0	SV_w_63971
Insertion	SL4.0ch02	33768397	33768397	0	SPIMPch02	35657925	35657937	12	SV_w_12850
Insertion	SL4.0ch03	54934128	54934128	0	SPIMPch03	55401203	55401225	22	SV_w_21127
Repeat_expansion/INS	SL4.0ch05	7360184	7360184	0	SPIMPch05	7689001	7694324	5323	SV_b_21408a
Deletion	SL4.0ch08	60511801	60511816	15	SPIMPch08	63186586	63186586	0	SV_w_59261
Insertion	SL4.0ch09	62146993	62146993	0	SPIMPch09	64791642	64791677	35	SV_w_61494
Deletion	SL4.0ch03	2348765	2348775	10	SPIMPch03	2343834	2343834	0	SV_w_22217
Deletion	SL4.0ch02	34772161	34772202	41	SPIMPch02	36656029	36656029	0	SV_w_17403
Insertion	SL4.0ch01	76054690	76054690	0	SPIMPch01	80717638	80717745	107	SV_w_3995
Deletion	SL4.0ch06	922723	922743	20	SPIMPch06	966544	966544	0	SV_w_43364
Deletion	SL4.0ch07	5468866	5468907	41	SPIMPch07	5497155	5497155	0	SV_w_48168
Deletion	SL4.0ch11	4954567	4954578	11	SPIMPch11	4895402	4895402	0	SV_w_75591
Deletion	SL4.0ch02	27070834	27070855	21	SPIMPch02	28249391	28249391	0	SV_w_12230
Deletion	SL4.0ch01	84936023	84936040	17	SPIMPch01	89573558	89573558	0	SV_w_7169
Insertion	SL4.0ch05	6255249	6255249	0	SPIMPch05	6588506	6588538	32	SV_w_37257
Deletion	SL4.0ch11	51334360	51334384	24	SPIMPch11	53038871	53038871	0	SV_w_76676
Deletion	SL4.0ch05	59873246	59873291	45	SPIMPch05	61324812	61324812	0	SV_w_36696
Insertion	SL4.0ch06	44158414	44158414	0	SPIMPch06	46403008	46403025	17	SV_w_41299
Deletion	SL4.0ch08	63071161	63071193	32	SPIMPch08	65791312	65791312	0	SV_w_54396
Deletion	SL4.0ch04	11979484	11979500	16	SPIMPch04	12251991	12251991	0	SV_w_28215
Insertion	SL4.0ch01	85799578	85799578	0	SPIMPch01	90427679	90427722	43	SV_w_6737
Insertion	SL4.0ch03	27330035	27330035	0	SPIMPch03	27809836	27809864	28	SV_w_19418
Insertion	SL4.0ch10	2646292	2646292	0	SPIMPch10	2754460	2754523	63	SV_w_70638
Insertion	SL4.0ch01	83110614	83110614	0	SPIMPch01	87755887	87755909	22	SV_w_2656
Insertion	SL4.0ch07	64388815	64388815	0	SPIMPch07	63906765	63906785	20	SV_w_51165
Deletion	SL4.0ch01	82675398	82675439	41	SPIMPch01	87332893	87332893	0	SV_w_2699
Deletion	SL4.0ch10	634298	634315	17	SPIMPch10	733873	733873	0	SV_w_70518
Insertion	SL4.0ch03	17672771	17672771	0	SPIMPch03	18190816	18190827	11	SV_w_19492
Insertion	SL4.0ch11	3282825	3282825	0	SPIMPch11	3279161	3279188	27	SV_w_74081
Insertion	SL4.0ch08	20726049	20726049	0	SPIMPch08	22370553	22370609	56	SV_w_53971
Deletion	SL4.0ch08	9533127	9533190	63	SPIMPch08	10363915	10363915	0	SV_w_59732
Insertion	SL4.0ch01	48801332	48801332	0	SPIMPch01	53154743	53156061	1318	SV_b_17982
Deletion	SL4.0ch08	59209094	59209123	29	SPIMPch08	61882052	61882052	0	SV_w_59668
Deletion	SL4.0ch05	21951148	21951161	13	SPIMPch05	22891411	22891411	0	SV_w_35720
Deletion	SL4.0ch05	64685540	64685660	120	SPIMPch05	66266770	66266770	0	SV_w_38855
Insertion	SL4.0ch03	31523855	31523855	0	SPIMPch03	32277279	32277303	24	SV_w_21145
Insertion	SL4.0ch04	47693665	47693665	0	SPIMPch04	50019826	50021612	1786	SV_w_29709
Deletion	SL4.0ch01	78617302	78617318	16	SPIMPch01	83269405	83269405	0	SV_w_4809
Deletion	SL4.0ch03	54229180	54229193	13	SPIMPch03	54631966	54631966	0	SV_w_21162
Deletion	SL4.0ch09	23418000	23418032	32	SPIMPch09	16871807	16871807	0	SV_w_87461
Deletion	SL4.0ch09	42569358	42569391	33	SPIMPch09	44652229	44652229	0	SV_w_60554
Insertion	SL4.0ch08	2679487	2679487	0	SPIMPch08	2766165	2766176	11	SV_w_56135
Insertion	SL4.0ch07	65493439	65493439	0	SPIMPch07	65047431	65047446	15	SV_w_50107
Deletion	SL4.0ch06	38399029	38399044	15	SPIMPch06	40554808	40554808	0	SV_w_41986
Deletion	SL4.0ch04	6551451	6551474	23	SPIMPch04	6859416	6859416	0	SV_w_29316
Deletion	SL4.0ch04	14047713	14047793	80	SPIMPch04	15301063	15301063	0	SV_w_28271
Insertion	SL4.0ch07	48319664	48319664	0	SPIMPch07	47624667	47624744	77	SV_w_47981
Deletion	SL4.0ch05	59216717	59216760	43	SPIMPch05	60569431	60569431	0	SV_w_36032
Insertion	SL4.0ch04	53357373	53357373	0	SPIMPch04	55805585	55805595	10	SV_w_32452
Insertion	SL4.0ch09	67442731	67442731	0	SPIMPch09	70197856	70197868	12	SV_w_63653
Insertion	SL4.0ch06	19506758	19506758	0	SPIMPch06	29894300	29894353	53	SV_w_85692
Deletion	SL4.0ch07	27473702	27473721	19	SPIMPch07	27304529	27304529	0	SV_w_50716
Insertion	SL4.0ch09	19292099	19292099	0	SPIMPch09	21202762	21202791	29	SV_w_87324
Deletion	SL4.0ch01	80619608	80619619	11	SPIMPch01	85277484	85277484	0	SV_w_1085
Deletion	SL4.0ch07	9198796	9199152	356	SPIMPch07	9605001	9605001	0	SV_w_45140
Deletion	SL4.0ch08	681221	681239	18	SPIMPch08	710707	710707	0	SV_w_59463
Insertion	SL4.0ch03	56041648	56041648	0	SPIMPch03	56600052	56600066	14	SV_w_21415
Insertion	SL4.0ch03	1283444	1283444	0	SPIMPch03	1271887	1271912	25	SV_w_23849
Deletion	SL4.0ch12	29794289	29794344	55	SPIMPch12	32361448	32361448	0	SV_w_80129
Deletion	SL4.0ch02	38954120	38954131	11	SPIMPch02	40892569	40892569	0	SV_w_16523
Deletion	SL4.0ch02	1219044	1219124	80	SPIMPch02	1249633	1249633	0	SV_w_11928
Deletion	SL4.0ch07	43891167	43891184	17	SPIMPch07	43337494	43337494	0	SV_w_51278
Insertion	SL4.0ch09	742689	742689	0	SPIMPch09	752396	752422	26	SV_w_62923
Deletion	SL4.0ch01	7091595	7091637	42	SPIMPch01	7511963	7511963	0	SV_w_8768
Insertion	SL4.0ch03	56854279	56854279	0	SPIMPch03	57451766	57451783	17	SV_w_23181
Insertion	SL4.0ch04	49818649	49818649	0	SPIMPch04	52239841	52239856	15	SV_w_32530
Deletion	SL4.0ch09	56008236	56008262	26	SPIMPch09	58664485	58664485	0	SV_w_61305
Insertion	SL4.0ch01	41816133	41816133	0	SPIMPch01	46997272	46997294	22	SV_w_5573
Insertion	SL4.0ch03	57408242	57408242	0	SPIMPch03	57958531	57958541	10	SV_w_24698
Insertion	SL4.0ch06	400248	400248	0	SPIMPch06	409203	409231	28	SV_w_41533
Deletion	SL4.0ch11	1444549	1444603	54	SPIMPch11	1436764	1436764	0	SV_w_75958
Insertion	SL4.0ch04	6590311	6590311	0	SPIMPch04	6899069	6899088	19	SV_w_29321
Deletion	SL4.0ch01	68116804	68116835	31	SPIMPch01	72786197	72786197	0	SV_w_2895
Deletion	SL4.0ch08	35221667	35221689	22	SPIMPch08	37936643	37936643	0	SV_w_53767
Deletion	SL4.0ch06	35134859	35134890	31	SPIMPch06	37135631	37135631	0	SV_w_42903
Deletion	SL4.0ch08	59536153	59536173	20	SPIMPch08	62213582	62213582	0	SV_w_55925
Insertion	SL4.0ch11	32054333	32054333	0	SPIMPch11	33475939	33475949	10	SV_w_72424
Insertion	SL4.0ch03	15940169	15940169	0	SPIMPch03	16364329	16364344	15	SV_w_25739
Insertion	SL4.0ch12	36375140	36375140	0	SPIMPch12	38758981	38758993	12	SV_w_88984
Insertion	SL4.0ch01	75794042	75794042	0	SPIMPch01	80447081	80447091	10	SV_w_3583
Deletion	SL4.0ch03	13997766	14001759	3993	SPIMPch03	14748229	14748229	0	SV_b_19625
Repeat_contraction/DEL	SL4.0ch02	39136839	39137008	169	SPIMPch02	41090816	41090832	16	SV_b_19100a
Insertion	SL4.0ch04	19165517	19165517	0	SPIMPch04	20605628	20605674	46	SV_w_33102
Deletion	SL4.0ch05	29389126	29389142	16	SPIMPch05	30263687	30263687	0	SV_w_35207
Insertion	SL4.0ch12	62530646	62530646	0	SPIMPch12	66063933	66063950	17	SV_w_81528
Insertion	SL4.0ch09	5378387	5378387	0	SPIMPch09	5477560	5477592	32	SV_w_62272
Deletion	SL4.0ch03	47549807	47549908	101	SPIMPch03	47839405	47839405	0	SV_w_19751
Deletion	SL4.0ch01	10043953	10044388	435	SPIMPch01	23024245	23024245	0	SV_w_83708
Deletion	SL4.0ch03	5235644	5235661	17	SPIMPch03	5334388	5334388	0	SV_w_24313
Insertion	SL4.0ch01	76538304	76538304	0	SPIMPch01	81190886	81191052	166	SV_w_7017
Insertion	SL4.0ch01	43958768	43958768	0	SPIMPch01	49718340	49718352	12	SV_w_9680
Deletion	SL4.0ch03	50757272	50757285	13	SPIMPch03	51064949	51064949	0	SV_w_23883
Insertion	SL4.0ch02	52648081	52648081	0	SPIMPch02	54826741	54826885	144	SV_w_12646
Insertion	SL4.0ch12	61710270	61710270	0	SPIMPch12	65241295	65241310	15	SV_w_80656
Repeat_expansion/INS	SL4.0ch09	61356713	61356713	0	SPIMPch09	64038739	64039055	316	SV_b_24632a
Insertion	SL4.0ch07	314932	314932	0	SPIMPch07	364761	364802	41	SV_w_52479
Insertion	SL4.0ch06	39281596	39281596	0	SPIMPch06	41461771	41461793	22	SV_w_40803
Insertion	SL4.0ch07	47536918	47536918	0	SPIMPch07	46845041	46845060	19	SV_w_49195
Insertion	SL4.0ch09	2107035	2107035	0	SPIMPch09	2082084	2082320	236	SV_w_64600
Deletion	SL4.0ch01	76430862	76430886	24	SPIMPch01	81105422	81105422	0	SV_w_2133
Repeat_expansion/INS	SL4.0ch01	7286142	7286142	0	SPIMPch01	7721766	7721792	26	SV_b_17392a
Insertion	SL4.0ch02	39275367	39275367	0	SPIMPch02	41231791	41231802	11	SV_w_15635
Insertion	SL4.0ch10	34297548	34297548	0	SPIMPch10	36170614	36170643	29	SV_w_67414
Deletion	SL4.0ch02	41313432	41313446	14	SPIMPch02	43324773	43324773	0	SV_w_17578
Deletion	SL4.0ch03	58568086	58568109	23	SPIMPch03	59123857	59123857	0	SV_w_23294
Insertion	SL4.0ch06	46570317	46570317	0	SPIMPch06	48846882	48846892	10	SV_w_39935
Deletion	SL4.0ch12	14135090	14135120	30	SPIMPch12	14097573	14097573	0	SV_w_81735
Deletion	SL4.0ch10	23305059	23305167	108	SPIMPch10	14670199	14670199	0	SV_w_88494
Insertion	SL4.0ch01	82976244	82976244	0	SPIMPch01	87622423	87622451	28	SV_w_8150
Insertion	SL4.0ch09	64412668	64412668	0	SPIMPch09	67123846	67123880	34	SV_w_64653
Deletion	SL4.0ch05	943049	943072	23	SPIMPch05	1042378	1042378	0	SV_w_37675
Insertion	SL4.0ch01	32195444	32195444	0	SPIMPch01	35847678	35847804	126	SV_w_7570
Insertion	SL4.0ch06	37010461	37010461	0	SPIMPch06	39098755	39098767	12	SV_w_43133
Insertion	SL4.0ch09	2673192	2673192	0	SPIMPch09	2657733	2657755	22	SV_w_64048
Insertion	SL4.0ch01	47717110	47717110	0	SPIMPch01	52122646	52122658	12	SV_w_7916
Deletion	SL4.0ch10	29598325	29598347	22	SPIMPch10	30936068	30936068	0	SV_w_69347
Deletion	SL4.0ch12	6805420	6805553	133	SPIMPch12	6857786	6857786	0	SV_w_77619
Deletion	SL4.0ch04	7724969	7725012	43	SPIMPch04	8011012	8011012	0	SV_w_26350
Deletion	SL4.0ch06	23507485	23507499	14	SPIMPch06	25839665	25839665	0	SV_w_85719
Insertion	SL4.0ch05	22171172	22171172	0	SPIMPch05	23101691	23101705	14	SV_w_35351
Insertion	SL4.0ch04	15826011	15826011	0	SPIMPch04	17124139	17124163	24	SV_w_26483
Deletion	SL4.0ch02	45091893	45091945	52	SPIMPch02	47124927	47124927	0	SV_w_13992
Insertion	SL4.0ch01	87233697	87233697	0	SPIMPch01	91839061	91839079	18	SV_w_6669
Insertion	SL4.0ch08	55493348	55493348	0	SPIMPch08	58064304	58064318	14	SV_w_57168
Insertion	SL4.0ch01	39651228	39651228	0	SPIMPch01	44803440	44803460	20	SV_w_5789
Insertion	SL4.0ch05	4554764	4554764	0	SPIMPch05	4719260	4719283	23	SV_w_36522
Insertion	SL4.0ch07	577249	577249	0	SPIMPch07	626019	626070	51	SV_w_52857
Deletion	SL4.0ch02	19989244	19989267	23	SPIMPch02	21449758	21449758	0	SV_w_11704
Insertion	SL4.0ch10	50259946	50259946	0	SPIMPch10	53300236	53300265	29	SV_w_69006
Insertion	SL4.0ch01	87462094	87462094	0	SPIMPch01	92074845	92074861	16	SV_w_8319
Insertion	SL4.0ch04	57402058	57402058	0	SPIMPch04	59911285	59911310	25	SV_w_32849
Deletion	SL4.0ch08	26456969	26456987	18	SPIMPch08	37515669	37515669	0	SV_w_56247
Deletion	SL4.0ch03	57258304	57258317	13	SPIMPch03	57811967	57811967	0	SV_w_25226
Insertion	SL4.0ch08	10042709	10042709	0	SPIMPch08	12030979	12030991	12	SV_w_55909
Deletion	SL4.0ch02	29621510	29621530	20	SPIMPch02	31138908	31138908	0	SV_w_16856
Deletion	SL4.0ch12	11373055	11373079	24	SPIMPch12	11399914	11399914	0	SV_w_77151
Deletion	SL4.0ch02	51424508	51424522	14	SPIMPch02	53665855	53665855	0	SV_w_12937
Insertion	SL4.0ch02	36145223	36145223	0	SPIMPch02	38029944	38029962	18	SV_w_17288
Deletion	SL4.0ch10	50452384	50452403	19	SPIMPch10	53501649	53501649	0	SV_w_68735
Insertion	SL4.0ch11	42161011	42161011	0	SPIMPch11	43654756	43654778	22	SV_w_71386
Insertion	SL4.0ch08	10053251	10053251	0	SPIMPch08	12041570	12041589	19	SV_w_55911
Deletion	SL4.0ch10	4991553	4991592	39	SPIMPch10	4883997	4883997	0	SV_w_66593
Deletion	SL4.0ch04	52182779	52182790	11	SPIMPch04	54609909	54609909	0	SV_w_27804
Insertion	SL4.0ch07	53679949	53679949	0	SPIMPch07	53064099	53064111	12	SV_w_47901
Insertion	SL4.0ch01	50241138	50241138	0	SPIMPch01	54542032	54542071	39	SV_w_3605
Insertion	SL4.0ch04	56765169	56765169	0	SPIMPch04	59234767	59235696	929	SV_w_30965
Deletion	SL4.0ch12	63050861	63050877	16	SPIMPch12	66546090	66546090	0	SV_w_80213
Insertion	SL4.0ch08	53371951	53371951	0	SPIMPch08	55920659	55920672	13	SV_w_56756
Deletion	SL4.0ch07	58753122	58753162	40	SPIMPch07	58206655	58206655	0	SV_w_52829
Deletion	SL4.0ch03	45678295	45678327	32	SPIMPch03	45991405	45991405	0	SV_w_22652
Insertion	SL4.0ch10	3141877	3141877	0	SPIMPch10	3252650	3252662	12	SV_w_69139
Deletion	SL4.0ch07	59601635	59606023	4388	SPIMPch07	59094608	59094608	0	SV_w_52634
Insertion	SL4.0ch08	24822347	24822347	0	SPIMPch08	27321686	27321705	19	SV_w_54592
Insertion	SL4.0ch02	26553218	26553218	0	SPIMPch02	27840601	27840635	34	SV_w_13017
Deletion	SL4.0ch10	61029763	61029802	39	SPIMPch10	64329804	64329804	0	SV_w_67951
Insertion	SL4.0ch01	5852485	5852485	0	SPIMPch01	6130971	6130989	18	SV_w_8618
Insertion	SL4.0ch01	8973263	8973263	0	SPIMPch01	9518468	9518479	11	SV_w_980
Deletion	SL4.0ch05	19818033	19818045	12	SPIMPch05	20193716	20193716	0	SV_w_35097
Deletion	SL4.0ch02	39804570	39804586	16	SPIMPch02	41770135	41770135	0	SV_w_15743
Deletion	SL4.0ch12	59088999	59089009	10	SPIMPch12	62386580	62386580	0	SV_w_81217
Insertion	SL4.0ch02	480343	480343	0	SPIMPch02	526673	526683	10	SV_w_11521
Insertion	SL4.0ch12	21338412	21338412	0	SPIMPch12	22064697	22065159	462	SV_w_78321
Insertion	SL4.0ch03	1825063	1825063	0	SPIMPch03	1824255	1824297	42	SV_w_20650
Insertion	SL4.0ch07	60404747	60404747	0	SPIMPch07	59897482	59897511	29	SV_w_50149
Deletion	SL4.0ch05	62910037	62910047	10	SPIMPch05	64467596	64467596	0	SV_w_38991
Deletion	SL4.0ch10	12023415	12023426	11	SPIMPch10	12056336	12056336	0	SV_w_65691
Insertion	SL4.0ch09	53095620	53095620	0	SPIMPch09	55629573	55629586	13	SV_w_61448
Deletion	SL4.0ch03	36017316	36017326	10	SPIMPch03	37743355	37743355	0	SV_w_84375
Insertion	SL4.0ch01	87672844	87672844	0	SPIMPch01	92285277	92285292	15	SV_w_5808
Insertion	SL4.0ch02	52487360	52487360	0	SPIMPch02	54703412	54703424	12	SV_w_13810
Insertion	SL4.0ch06	3432702	3432702	0	SPIMPch06	3788060	3788120	60	SV_w_43239
Deletion	SL4.0ch04	62404191	62404204	13	SPIMPch04	64894729	64894729	0	SV_w_33234
Deletion	SL4.0ch01	90129875	90129935	60	SPIMPch01	94749977	94749977	0	SV_w_3419
Deletion	SL4.0ch01	32704679	32704690	11	SPIMPch01	36381266	36381266	0	SV_w_69
Deletion	SL4.0ch06	43954589	43954602	13	SPIMPch06	46201029	46201029	0	SV_w_41684
Deletion	SL4.0ch09	15086804	15089504	2700	SPIMPch09	15366326	15366326	0	SV_w_60334
Insertion	SL4.0ch01	50090261	50090261	0	SPIMPch01	54393202	54393230	28	SV_w_5549
Deletion	SL4.0ch01	71552921	71552940	19	SPIMPch01	76241740	76241740	0	SV_w_4626
Deletion	SL4.0ch03	64805003	64805013	10	SPIMPch03	65311547	65311547	0	SV_w_18858
Insertion	SL4.0ch05	6001573	6001573	0	SPIMPch05	6278468	6278478	10	SV_w_38670
Repeat_contraction/DEL	SL4.0ch01	15960591	15967648	7057	SPIMPch01	13887546	13887644	98	SV_b_17530a
Insertion	SL4.0ch07	432112	432112	0	SPIMPch07	481171	481187	16	SV_w_49172
Insertion	SL4.0ch02	31923138	31923138	0	SPIMPch02	33741150	33742587	1437	SV_w_15621
Deletion	SL4.0ch02	48430395	48430405	10	SPIMPch02	50658054	50658054	0	SV_w_12079
Insertion	SL4.0ch01	28148642	28148642	0	SPIMPch01	31643389	31643431	42	SV_w_7140
Deletion	SL4.0ch09	63023293	63023305	12	SPIMPch09	65653935	65653935	0	SV_w_63359
Deletion	SL4.0ch07	54556702	54556723	21	SPIMPch07	53930393	53930393	0	SV_w_49565
Deletion	SL4.0ch10	37778737	37778757	20	SPIMPch10	39722558	39722558	0	SV_w_65931
Insertion	SL4.0ch10	50428289	50428289	0	SPIMPch10	53477852	53477914	62	SV_w_68731
Repeat_contraction/DEL	SL4.0ch04	61503020	61503056	36	SPIMPch04	63978780	63978782	2	SV_b_21085a
Insertion	SL4.0ch06	38642655	38642655	0	SPIMPch06	40808375	40808385	10	SV_w_41504
Insertion	SL4.0ch01	35315153	35315153	0	SPIMPch01	40249945	40249984	39	SV_w_10679
Insertion	SL4.0ch10	48209535	48209535	0	SPIMPch10	51172344	51172370	26	SV_w_67045
Insertion	SL4.0ch03	50970899	50970899	0	SPIMPch03	51262523	51262550	27	SV_w_20090
Insertion	SL4.0ch10	60199293	60199293	0	SPIMPch10	63518480	63518495	15	SV_w_70667
Insertion	SL4.0ch01	69499598	69499598	0	SPIMPch01	74104429	74104551	122	SV_w_7367
Insertion	SL4.0ch04	39393885	39393885	0	SPIMPch04	41349663	41349695	32	SV_w_27867
Insertion	SL4.0ch01	34771806	34771806	0	SPIMPch01	38795732	38796152	420	SV_w_10544
Deletion	SL4.0ch03	24011974	24012003	29	SPIMPch03	24460829	24460829	0	SV_w_24366
Deletion	SL4.0ch07	41751036	41751048	12	SPIMPch07	41130787	41130787	0	SV_w_52750
Insertion	SL4.0ch04	2000207	2000207	0	SPIMPch04	2011195	2011209	14	SV_w_32275
Insertion	SL4.0ch04	2863317	2863317	0	SPIMPch04	2853076	2853093	17	SV_w_33368
Deletion	SL4.0ch05	50981670	50981680	10	SPIMPch05	52322015	52322015	0	SV_w_34792
Insertion	SL4.0ch06	43074352	43074352	0	SPIMPch06	45299004	45299106	102	SV_w_44453
Insertion	SL4.0ch08	3498758	3498758	0	SPIMPch08	3595912	3596052	140	SV_w_57270
Insertion	SL4.0ch09	13167064	13167064	0	SPIMPch09	13416300	13416333	33	SV_w_61077
Insertion	SL4.0ch01	44432206	44432206	0	SPIMPch01	50526873	50526885	12	SV_w_10740
Insertion	SL4.0ch07	36591131	36591131	0	SPIMPch07	35899177	35899411	234	SV_w_50417
Insertion	SL4.0ch04	56364063	56364063	0	SPIMPch04	58816646	58816658	12	SV_w_29355
Insertion	SL4.0ch10	16152680	16152680	0	SPIMPch10	21907063	21907102	39	SV_w_67238
Deletion	SL4.0ch11	51723639	51723654	15	SPIMPch11	53425908	53425908	0	SV_w_75782
Insertion	SL4.0ch01	69782142	69782142	0	SPIMPch01	74414127	74414159	32	SV_w_6656
Insertion	SL4.0ch07	1834148	1834148	0	SPIMPch07	1881644	1881674	30	SV_w_50944
Deletion	SL4.0ch02	35442835	35442845	10	SPIMPch02	37324618	37324618	0	SV_w_13504
Insertion	SL4.0ch07	61563920	61563920	0	SPIMPch07	61030612	61030627	15	SV_w_53121
Deletion	SL4.0ch02	39885236	39885268	32	SPIMPch02	41850253	41850253	0	SV_w_17632
Insertion	SL4.0ch03	24970169	24970169	0	SPIMPch03	25368109	25368261	152	SV_w_19359
Insertion	SL4.0ch10	60307774	60307774	0	SPIMPch10	63624840	63624944	104	SV_w_70684
Deletion	SL4.0ch06	41047067	41047080	13	SPIMPch06	43250466	43250466	0	SV_w_41460
Insertion	SL4.0ch06	42410535	42410535	0	SPIMPch06	44631500	44631517	17	SV_w_41149
Insertion	SL4.0ch06	46926298	46926298	0	SPIMPch06	49201887	49201898	11	SV_w_43317
Deletion	SL4.0ch01	10031610	10031673	63	SPIMPch01	23036601	23036601	0	SV_w_83703
Insertion	SL4.0ch09	5751281	5751281	0	SPIMPch09	5987638	5988592	954	SV_w_62322
Insertion	SL4.0ch01	81156112	81156112	0	SPIMPch01	85806402	85806422	20	SV_w_4721
Deletion	SL4.0ch09	5639367	5639507	140	SPIMPch09	5876631	5876631	0	SV_w_63324
Deletion	SL4.0ch03	42145873	42145885	12	SPIMPch03	42832159	42832159	0	SV_w_84103
Deletion	SL4.0ch11	6267991	6268003	12	SPIMPch11	6153750	6153750	0	SV_w_73515
Repeat_expansion/INS	SL4.0ch11	28361516	28361568	52	SPIMPch11	29758735	29758892	157	SV_b_25901a
Insertion	SL4.0ch09	67280495	67280495	0	SPIMPch09	70036778	70036814	36	SV_w_64285
Insertion	SL4.0ch12	57506512	57506512	0	SPIMPch12	61023696	61024021	325	SV_w_82401
Deletion	SL4.0ch10	2598203	2598215	12	SPIMPch10	2691155	2691155	0	SV_w_70127
Deletion	SL4.0ch12	61835184	61835197	13	SPIMPch12	65371784	65371784	0	SV_w_80326
Insertion	SL4.0ch04	17667996	17667996	0	SPIMPch04	19050979	19051011	32	SV_w_27314
Insertion	SL4.0ch04	60401099	60401099	0	SPIMPch04	62869327	62869362	35	SV_w_31994
Deletion	SL4.0ch10	44630394	44635963	5569	SPIMPch10	48326637	48326637	0	SV_w_88220
Deletion	SL4.0ch07	22231947	22232026	79	SPIMPch07	21991981	21991981	0	SV_w_46757
Insertion	SL4.0ch07	57876659	57876659	0	SPIMPch07	57187149	57187168	19	SV_w_47103
Insertion	SL4.0ch03	42493165	42493165	0	SPIMPch03	42479835	42479950	115	SV_w_84183
Deletion	SL4.0ch10	64315611	64315622	11	SPIMPch10	67534705	67534705	0	SV_w_69563
Deletion	SL4.0ch01	89401680	89401814	134	SPIMPch01	94038623	94038623	0	SV_w_8780
Insertion	SL4.0ch10	56443866	56443866	0	SPIMPch10	59563683	59563698	15	SV_w_67506
Insertion	SL4.0ch04	13639597	13639597	0	SPIMPch04	13907745	13907765	20	SV_w_28632
Deletion	SL4.0ch03	53545676	53545690	14	SPIMPch03	53886516	53886516	0	SV_w_19100
Deletion	SL4.0ch01	29957863	29957910	47	SPIMPch01	33445861	33445861	0	SV_w_3169
Deletion	SL4.0ch05	16735549	16735585	36	SPIMPch05	17136718	17136718	0	SV_w_35686
Insertion	SL4.0ch08	59747700	59747700	0	SPIMPch08	62425922	62425934	12	SV_w_59437
Insertion	SL4.0ch09	58374079	58374079	0	SPIMPch09	61102706	61102725	19	SV_w_61154
Deletion	SL4.0ch07	12376007	12376055	48	SPIMPch07	12786752	12786752	0	SV_w_46283
Insertion/Substitution	SL4.0ch06	39055811	39055816	5	SPIMPch06	41232360	41232372	12	SV_w_43330
Deletion	SL4.0ch07	37209148	37209161	13	SPIMPch07	36505548	36505548	0	SV_w_46552
Insertion	SL4.0ch02	18099297	18099297	0	SPIMPch02	19136154	19136193	39	SV_w_13896
Insertion	SL4.0ch04	6629261	6629261	0	SPIMPch04	6946302	6946315	13	SV_w_28224
Insertion	SL4.0ch06	1796284	1796284	0	SPIMPch06	1860739	1860751	12	SV_w_41235
Insertion	SL4.0ch10	13614615	13614615	0	SPIMPch10	24857857	24857893	36	SV_w_88672
Deletion	SL4.0ch04	25628659	25628670	11	SPIMPch04	27050856	27050856	0	SV_w_29464
Insertion	SL4.0ch11	6150089	6150089	0	SPIMPch11	6036851	6036865	14	SV_w_75183
Insertion	SL4.0ch01	32789026	32789026	0	SPIMPch01	36467696	36467715	19	SV_w_3234
Deletion	SL4.0ch09	2297454	2297498	44	SPIMPch09	2270273	2270273	0	SV_w_65097
Insertion	SL4.0ch06	46151698	46151698	0	SPIMPch06	48430925	48430940	15	SV_w_44170
Insertion	SL4.0ch12	12210485	12210485	0	SPIMPch12	12239719	12239816	97	SV_w_77121
Insertion	SL4.0ch12	62569338	62569338	0	SPIMPch12	66096893	66096903	10	SV_w_82310
Insertion	SL4.0ch03	17936062	17936062	0	SPIMPch03	18454201	18454211	10	SV_w_19807
Deletion	SL4.0ch05	11127154	11127272	118	SPIMPch05	11468220	11468220	0	SV_w_36460
Deletion	SL4.0ch03	58351280	58351310	30	SPIMPch03	58894166	58894166	0	SV_w_25014
Deletion	SL4.0ch07	11061371	11061395	24	SPIMPch07	11466479	11466479	0	SV_w_46089
Deletion	SL4.0ch06	32577957	32586749	8792	SPIMPch06	34566486	34566486	0	SV_w_40253
Insertion	SL4.0ch11	8249363	8249363	0	SPIMPch11	8139708	8139719	11	SV_w_75833
Insertion	SL4.0ch05	6282766	6282768	-2	SPIMPch05	6616092	6618034	1942	SV_b_21369
Insertion	SL4.0ch01	35232455	35232455	0	SPIMPch01	40168347	40168366	19	SV_w_7507
Insertion	SL4.0ch01	82767094	82767094	0	SPIMPch01	87424274	87424284	10	SV_w_6596
Deletion	SL4.0ch09	65746729	65746740	11	SPIMPch09	68493052	68493052	0	SV_w_64222
Deletion	SL4.0ch04	7290446	7290464	18	SPIMPch04	7608108	7608108	0	SV_w_26997
Deletion	SL4.0ch11	54088175	54088203	28	SPIMPch11	55836869	55836869	0	SV_w_74708
Deletion	SL4.0ch06	32439022	32439036	14	SPIMPch06	34427495	34427495	0	SV_w_40241
Insertion	SL4.0ch06	23415661	23415661	0	SPIMPch06	25931454	25931470	16	SV_w_85774
Insertion	SL4.0ch03	31239706	31239706	0	SPIMPch03	31985521	31985536	15	SV_w_24718
Deletion	SL4.0ch05	56564092	56564111	19	SPIMPch05	57886222	57886222	0	SV_w_36779
Deletion	SL4.0ch02	42759075	42759085	10	SPIMPch02	44809867	44809867	0	SV_w_12548
Deletion	SL4.0ch01	68873525	68873548	23	SPIMPch01	73480107	73480107	0	SV_w_3345
Insertion	SL4.0ch01	41429549	41429549	0	SPIMPch01	46621892	46621929	37	SV_w_7216
Insertion	SL4.0ch01	80016870	80016870	0	SPIMPch01	84673233	84673319	86	SV_w_10879
Deletion	SL4.0ch05	7034812	7034835	23	SPIMPch05	7385004	7385004	0	SV_w_38860
Insertion	SL4.0ch02	43453517	43453517	0	SPIMPch02	45533826	45534873	1047	SV_w_14167
Deletion	SL4.0ch08	40985055	40985074	19	SPIMPch08	43601275	43601275	0	SV_w_55280
Deletion	SL4.0ch02	37103405	37103420	15	SPIMPch02	39025067	39025067	0	SV_w_16526
Insertion	SL4.0ch06	809425	809425	0	SPIMPch06	849648	849665	17	SV_w_42190
Insertion	SL4.0ch09	47571375	47571375	0	SPIMPch09	50144574	50144757	183	SV_w_61212
Deletion	SL4.0ch06	34696809	34696886	77	SPIMPch06	36688928	36688928	0	SV_w_44365
Deletion	SL4.0ch07	1589507	1589518	11	SPIMPch07	1638057	1638057	0	SV_w_48229
Insertion	SL4.0ch06	9656114	9656114	0	SPIMPch06	10127156	10127192	36	SV_w_40022
Deletion	SL4.0ch01	4848548	4848561	13	SPIMPch01	5118401	5118401	0	SV_w_7083
Deletion	SL4.0ch09	1367213	1367235	22	SPIMPch09	1378837	1378837	0	SV_w_62621
Insertion	SL4.0ch03	50259699	50259699	0	SPIMPch03	50605630	50605690	60	SV_w_19848
Insertion	SL4.0ch07	23817649	23817649	0	SPIMPch07	23858956	23858982	26	SV_w_45666
Insertion	SL4.0ch06	33397221	33397221	0	SPIMPch06	35371582	35371593	11	SV_w_43599
Insertion	SL4.0ch03	3915261	3915261	0	SPIMPch03	4015843	4015859	16	SV_w_25582
Insertion	SL4.0ch11	47291568	47291568	0	SPIMPch11	48961137	48961564	427	SV_w_76457
Deletion	SL4.0ch08	741655	741668	13	SPIMPch08	771204	771204	0	SV_w_56371
Deletion	SL4.0ch11	41105439	41105594	155	SPIMPch11	42599493	42599493	0	SV_w_71834
Deletion	SL4.0ch09	42336739	42336756	17	SPIMPch09	44419074	44419074	0	SV_w_60539
Deletion	SL4.0ch01	57143266	57143296	30	SPIMPch01	61820771	61820771	0	SV_w_5306
Insertion	SL4.0ch03	876861	876861	0	SPIMPch03	892791	892811	20	SV_w_25763
Deletion	SL4.0ch02	37010815	37010825	10	SPIMPch02	35804624	35804624	0	SV_w_18061
Deletion	SL4.0ch03	21151054	21151070	16	SPIMPch03	21611186	21611186	0	SV_w_18760
Insertion	SL4.0ch10	64446364	64446364	0	SPIMPch10	67666119	67666133	14	SV_w_68341
Insertion	SL4.0ch03	5081687	5081687	0	SPIMPch03	5181314	5181344	30	SV_w_21004
Insertion	SL4.0ch09	16803442	16803442	0	SPIMPch09	24526046	24526058	12	SV_w_87356
Deletion	SL4.0ch01	88556762	88556774	12	SPIMPch01	93169669	93169669	0	SV_w_8830
Insertion	SL4.0ch07	3301548	3301548	0	SPIMPch07	3411727	3411738	11	SV_w_48803
Insertion	SL4.0ch08	30111974	30111974	0	SPIMPch08	32699139	32699151	12	SV_w_86744
Insertion	SL4.0ch03	56088382	56088382	0	SPIMPch03	56646637	56646650	13	SV_w_25328
Insertion	SL4.0ch09	13374781	13374781	0	SPIMPch09	13624235	13624271	36	SV_w_61084
Insertion	SL4.0ch04	58891428	58891428	0	SPIMPch04	61354627	61354687	60	SV_w_31650
Deletion	SL4.0ch08	59492543	59492560	17	SPIMPch08	62171257	62171257	0	SV_w_57602
Insertion	SL4.0ch09	20484971	20484971	0	SPIMPch09	19949603	19949629	26	SV_w_87380
Insertion	SL4.0ch02	7039941	7039941	0	SPIMPch02	7602322	7602393	71	SV_w_12290
Insertion	SL4.0ch03	2463912	2463912	0	SPIMPch03	2461216	2461336	120	SV_w_23500
Deletion	SL4.0ch08	7044990	7045016	26	SPIMPch08	7089251	7089251	0	SV_w_55505
Insertion	SL4.0ch01	61167479	61167479	0	SPIMPch01	65911005	65911015	10	SV_w_574
Deletion	SL4.0ch08	62947493	62947543	50	SPIMPch08	65667735	65667735	0	SV_w_54370
Insertion	SL4.0ch09	186288	186288	0	SPIMPch09	138573	138586	13	SV_w_62980
Insertion	SL4.0ch07	11230983	11230983	0	SPIMPch07	11640183	11640206	23	SV_w_47848
Deletion	SL4.0ch02	18128152	18128165	13	SPIMPch02	19162487	19162487	0	SV_w_13903
Insertion	SL4.0ch09	2087794	2087794	0	SPIMPch09	2063200	2063228	28	SV_w_65085
Insertion	SL4.0ch04	3241158	3241158	0	SPIMPch04	3230048	3230060	12	SV_w_32658
Insertion	SL4.0ch05	49382370	49382370	0	SPIMPch05	50834870	50834889	19	SV_w_36325
Deletion	SL4.0ch06	45114665	45114694	29	SPIMPch06	47385971	47385971	0	SV_w_40745
Deletion	SL4.0ch12	1420923	1420941	18	SPIMPch12	1425330	1425330	0	SV_w_82326
Deletion	SL4.0ch05	45109815	45109829	14	SPIMPch05	46590190	46590190	0	SV_w_35158
Deletion	SL4.0ch06	39948121	39948140	19	SPIMPch06	42139190	42139190	0	SV_w_41034
Deletion	SL4.0ch12	33225643	33225705	62	SPIMPch12	35891330	35891330	0	SV_w_78226
Deletion	SL4.0ch04	20181138	20181174	36	SPIMPch04	21627666	21627666	0	SV_w_30020
Insertion	SL4.0ch01	54800312	54800312	0	SPIMPch01	59067535	59067623	88	SV_w_3555
Deletion	SL4.0ch10	62054092	62054108	16	SPIMPch10	65342562	65342562	0	SV_w_70369
Deletion	SL4.0ch02	44872381	44872399	18	SPIMPch02	46906624	46906624	0	SV_w_12706
Deletion	SL4.0ch10	52436433	52436449	16	SPIMPch10	55465535	55465535	0	SV_w_66798
Deletion	SL4.0ch01	87717584	87717700	116	SPIMPch01	92330187	92330187	0	SV_w_1710
Deletion	SL4.0ch04	44015426	44015440	14	SPIMPch04	46216540	46216540	0	SV_w_33379
Deletion	SL4.0ch02	40746371	40746428	57	SPIMPch02	42743844	42743844	0	SV_w_13280
Insertion	SL4.0ch04	46451810	46451810	0	SPIMPch04	48742325	48742349	24	SV_w_28842
Insertion	SL4.0ch12	31250728	31250728	0	SPIMPch12	33863897	33863916	19	SV_w_78398
Deletion	SL4.0ch08	33234447	33234459	12	SPIMPch08	29169431	29169431	0	SV_w_86843
Insertion	SL4.0ch02	42915119	42915119	0	SPIMPch02	44986248	44986265	17	SV_w_12891
Deletion	SL4.0ch05	1631162	1631178	16	SPIMPch05	1737779	1737779	0	SV_w_38963
Deletion	SL4.0ch07	9017489	9017501	12	SPIMPch07	9422157	9422157	0	SV_w_45123
Deletion	SL4.0ch06	18631238	18631280	42	SPIMPch06	19892168	19892168	0	SV_w_85191
Insertion	SL4.0ch04	3879286	3879286	0	SPIMPch04	3903687	3903705	18	SV_w_29544
Deletion	SL4.0ch05	53394985	53395000	15	SPIMPch05	54699603	54699603	0	SV_w_35505
Insertion	SL4.0ch09	14967254	14967254	0	SPIMPch09	15246824	15246834	10	SV_w_60326
Deletion	SL4.0ch04	17995477	17995487	10	SPIMPch04	19368495	19368495	0	SV_w_27465
Deletion	SL4.0ch01	90525337	90525363	26	SPIMPch01	95142058	95142058	0	SV_w_2947
Insertion	SL4.0ch07	61122815	61122815	0	SPIMPch07	60654658	60654668	10	SV_w_51058
Insertion	SL4.0ch04	22471728	22471728	0	SPIMPch04	24179514	24179554	40	SV_w_84808
Deletion	SL4.0ch05	42260346	42260358	12	SPIMPch05	44065088	44065088	0	SV_w_37401
Insertion	SL4.0ch04	64117452	64117452	0	SPIMPch04	66633459	66633763	304	SV_w_28759
Deletion	SL4.0ch07	34316779	34316791	12	SPIMPch07	33722241	33722241	0	SV_w_48977
Deletion	SL4.0ch01	78741514	78741526	12	SPIMPch01	83396464	83396464	0	SV_w_5432
Insertion	SL4.0ch08	53552210	53552210	0	SPIMPch08	56094096	56094132	36	SV_w_57927
Insertion	SL4.0ch07	47484476	47484476	0	SPIMPch07	46799756	46799805	49	SV_w_47879
Deletion	SL4.0ch08	29197302	29197405	103	SPIMPch08	33589380	33589380	0	SV_w_86485
Deletion	SL4.0ch04	54307288	54307300	12	SPIMPch04	56755394	56755394	0	SV_w_31826
Deletion	SL4.0ch04	48124878	48124897	19	SPIMPch04	50460509	50460509	0	SV_w_33080
Insertion	SL4.0ch03	61198343	61198343	0	SPIMPch03	61719645	61719775	130	SV_w_24243
Deletion	SL4.0ch02	50675082	50675095	13	SPIMPch02	52897282	52897282	0	SV_w_13597
Deletion	SL4.0ch09	66316119	66316161	42	SPIMPch09	69071778	69071778	0	SV_w_62549
Insertion	SL4.0ch05	58948117	58948117	0	SPIMPch05	60280974	60281005	31	SV_w_39242
Insertion	SL4.0ch07	1528155	1528155	0	SPIMPch07	1576727	1576748	21	SV_w_49751
Deletion	SL4.0ch07	728825	728852	27	SPIMPch07	777909	777909	0	SV_w_49912
Insertion	SL4.0ch03	40679903	40679903	0	SPIMPch03	40989695	40989730	35	SV_w_23839
Deletion	SL4.0ch04	54832296	54832338	42	SPIMPch04	57227190	57227190	0	SV_w_31128
Deletion	SL4.0ch05	60811828	60811850	22	SPIMPch05	62309207	62309207	0	SV_w_36158
Insertion	SL4.0ch07	437484	437484	0	SPIMPch07	486563	486573	10	SV_w_49173
Insertion	SL4.0ch09	16921351	16921351	0	SPIMPch09	24401162	24401172	10	SV_w_87248
Insertion	SL4.0ch09	61308024	61308024	0	SPIMPch09	63997765	63998096	331	SV_w_65092
Insertion	SL4.0ch05	4836255	4836255	0	SPIMPch05	4998950	4998960	10	SV_w_37758
Insertion	SL4.0ch07	40873146	40873146	0	SPIMPch07	40258908	40259034	126	SV_w_45255
Insertion	SL4.0ch07	58928376	58928376	0	SPIMPch07	58385314	58385328	14	SV_w_52295
Insertion	SL4.0ch11	42350533	42350533	0	SPIMPch11	43844130	43844151	21	SV_w_71404
Deletion	SL4.0ch11	17891940	17892107	167	SPIMPch11	18856883	18856883	0	SV_w_71976
Deletion	SL4.0ch08	61176174	61176218	44	SPIMPch08	63865670	63865670	0	SV_w_56114
Deletion	SL4.0ch03	42723984	42723997	13	SPIMPch03	42226057	42226057	0	SV_w_84164
Repeat_contraction/DEL	SL4.0ch12	64780766	64780984	218	SPIMPch12	68353891	68353894	3	SV_b_26875a
Deletion	SL4.0ch08	43712331	43712403	72	SPIMPch08	46143061	46143061	0	SV_w_54151
Insertion	SL4.0ch11	41501437	41501437	0	SPIMPch11	42993971	42994186	215	SV_w_72196
Deletion	SL4.0ch09	2335289	2335303	14	SPIMPch09	2308714	2308714	0	SV_w_65300
Insertion	SL4.0ch12	3291101	3291101	0	SPIMPch12	3241148	3241316	168	SV_w_79528
Deletion	SL4.0ch03	51488434	51488626	192	SPIMPch03	51793970	51793970	0	SV_w_25712
Deletion	SL4.0ch12	43988070	43988081	11	SPIMPch12	47215362	47215362	0	SV_w_76743
Insertion	SL4.0ch11	1681125	1681125	0	SPIMPch11	1672885	1673271	386	SV_w_75832
Insertion	SL4.0ch07	7681533	7681533	0	SPIMPch07	7643264	7643279	15	SV_w_46010
Insertion	SL4.0ch02	2694041	2694041	0	SPIMPch02	2893968	2893986	18	SV_w_12779
Insertion	SL4.0ch10	42744085	42744085	0	SPIMPch10	45531482	45531496	14	SV_w_66198
Insertion	SL4.0ch07	8745852	8745852	0	SPIMPch07	9150394	9150409	15	SV_w_45112
Insertion	SL4.0ch06	39003135	39003135	0	SPIMPch06	41162868	41162882	14	SV_w_41070
Insertion	SL4.0ch06	35821766	35821766	0	SPIMPch06	37865241	37865253	12	SV_w_42587
Deletion	SL4.0ch07	61855055	61855068	13	SPIMPch07	61332622	61332622	0	SV_w_50026
Insertion	SL4.0ch10	62763554	62763554	0	SPIMPch10	65992289	65992304	15	SV_w_70278
Insertion	SL4.0ch03	57850759	57850759	0	SPIMPch03	58397389	58397404	15	SV_w_25147
Deletion	SL4.0ch01	79724716	79724759	43	SPIMPch01	84381227	84381227	0	SV_w_4394
Deletion	SL4.0ch07	56444946	56444956	10	SPIMPch07	55765622	55765622	0	SV_w_52676
Insertion	SL4.0ch04	55224437	55224437	0	SPIMPch04	57707229	57707251	22	SV_w_32646
Deletion	SL4.0ch07	8047417	8047430	13	SPIMPch07	8445251	8445251	0	SV_w_46110
Insertion	SL4.0ch01	37137557	37137557	0	SPIMPch01	42152413	42152425	12	SV_w_4336
Deletion	SL4.0ch09	6151889	6151909	20	SPIMPch09	6392259	6392259	0	SV_w_63445
Insertion	SL4.0ch02	49082172	49082172	0	SPIMPch02	51317112	51317127	15	SV_w_16706
Deletion	SL4.0ch05	57216152	57216166	14	SPIMPch05	58565566	58565566	0	SV_w_36771
Insertion	SL4.0ch01	20126897	20126897	0	SPIMPch01	10227075	10227094	19	SV_w_83145
Deletion	SL4.0ch03	18758262	18758283	21	SPIMPch03	19213687	19213687	0	SV_w_19712
Deletion	SL4.0ch08	56890387	56890432	45	SPIMPch08	59506255	59506255	0	SV_w_58361
Insertion	SL4.0ch03	60668820	60668820	0	SPIMPch03	61242360	61242376	16	SV_w_25898
Insertion	SL4.0ch11	5145410	5145410	0	SPIMPch11	5085875	5085887	12	SV_w_74195
Deletion	SL4.0ch02	19007315	19007327	12	SPIMPch02	20514268	20514268	0	SV_w_16935
Deletion	SL4.0ch02	44547866	44547915	49	SPIMPch02	46598596	46598596	0	SV_w_13650
Deletion	SL4.0ch08	62108368	62108383	15	SPIMPch08	64817855	64817855	0	SV_w_59093
Deletion	SL4.0ch10	42123423	42123435	12	SPIMPch10	44889736	44889736	0	SV_w_65843
Deletion	SL4.0ch03	33259724	33259758	34	SPIMPch03	34024539	34024539	0	SV_w_18436
Deletion	SL4.0ch10	46354988	46355008	20	SPIMPch10	49265752	49265752	0	SV_w_70009
Deletion	SL4.0ch08	28204974	28204990	16	SPIMPch08	34591389	34591389	0	SV_w_86447
Insertion	SL4.0ch06	10907745	10907745	0	SPIMPch06	12026709	12026758	49	SV_w_41611
Deletion	SL4.0ch09	43198713	43198782	69	SPIMPch09	45283384	45283384	0	SV_w_60515
Deletion	SL4.0ch12	53630501	53630513	12	SPIMPch12	56930678	56930678	0	SV_w_78306
Deletion	SL4.0ch04	62149877	62149889	12	SPIMPch04	64619829	64619829	0	SV_w_30364
Deletion	SL4.0ch08	37440770	37440780	10	SPIMPch08	40271715	40271715	0	SV_w_56308
Deletion	SL4.0ch06	34951964	34952171	207	SPIMPch06	36957969	36957969	0	SV_w_43953
Deletion	SL4.0ch09	22291214	22291235	21	SPIMPch09	18035627	18035627	0	SV_w_86990
Insertion	SL4.0ch07	756401	756401	0	SPIMPch07	804612	804622	10	SV_w_51657
Insertion	SL4.0ch06	21688698	21688698	0	SPIMPch06	27674497	27674746	249	SV_w_85111
Insertion	SL4.0ch01	41682598	41682598	0	SPIMPch01	46865281	46865500	219	SV_w_8382
Insertion	SL4.0ch03	50179926	50179926	0	SPIMPch03	50529084	50529123	39	SV_w_23932
Deletion	SL4.0ch11	29897117	29897128	11	SPIMPch11	31298573	31298573	0	SV_w_71198
Deletion	SL4.0ch03	58917584	58917885	301	SPIMPch03	59465715	59465715	0	SV_w_24771
Insertion	SL4.0ch04	8923743	8923743	0	SPIMPch04	9223317	9223329	12	SV_w_27407
Deletion	SL4.0ch12	36681449	36681465	16	SPIMPch12	38444501	38444501	0	SV_w_89003
Deletion	SL4.0ch10	1178076	1178169	93	SPIMPch10	1279057	1279057	0	SV_w_70886
Deletion	SL4.0ch03	32278679	32278697	18	SPIMPch03	33041440	33041440	0	SV_w_25943
Insertion	SL4.0ch04	26734871	26734871	0	SPIMPch04	28139116	28139144	28	SV_w_27895
Insertion	SL4.0ch01	87925020	87925020	0	SPIMPch01	92539078	92539095	17	SV_w_9644
Deletion	SL4.0ch01	17387537	17387556	19	SPIMPch01	12543548	12543548	0	SV_w_10078
Insertion	SL4.0ch11	45679654	45679654	0	SPIMPch11	47405039	47405059	20	SV_w_72068
Insertion	SL4.0ch06	31905402	31905402	0	SPIMPch06	33846245	33846261	16	SV_w_41385
Insertion	SL4.0ch07	54571488	54571488	0	SPIMPch07	53945207	53945226	19	SV_w_47005
Deletion	SL4.0ch02	45551001	45551012	11	SPIMPch02	47665975	47665975	0	SV_w_18017
Insertion	SL4.0ch12	5226879	5226879	0	SPIMPch12	5320813	5320890	77	SV_w_78752
Insertion	SL4.0ch01	87887800	87887800	0	SPIMPch01	92501713	92501764	51	SV_w_1751
Insertion	SL4.0ch03	43334313	43334313	0	SPIMPch03	41604971	41604997	26	SV_w_84072
Insertion	SL4.0ch04	56604145	56604145	0	SPIMPch04	59080462	59080477	15	SV_w_33531
Deletion	SL4.0ch04	57855861	57855872	11	SPIMPch04	60379829	60379829	0	SV_w_29270
Deletion	SL4.0ch05	988925	988950	25	SPIMPch05	20423	20423	0	SV_w_91180
Deletion	SL4.0ch02	10256004	10256021	17	SPIMPch02	10972472	10972472	0	SV_w_13123
Insertion	SL4.0ch05	46118189	46118189	0	SPIMPch05	47416680	47416709	29	SV_w_37022
Tandem_expansion/INS	SL4.0ch12	35868176	35868176	0	SPIMPch12	39259600	39267606	8006	SV_b_26569a
Insertion	SL4.0ch06	32960665	32960665	0	SPIMPch06	34951955	34951976	21	SV_w_40544
Deletion	SL4.0ch10	51250334	51250373	39	SPIMPch10	54303475	54303475	0	SV_w_67754
Insertion	SL4.0ch04	4827349	4827349	0	SPIMPch04	4970937	4970948	11	SV_w_32796
Insertion	SL4.0ch08	7218133	7218133	0	SPIMPch08	7264859	7264909	50	SV_w_53398
Insertion	SL4.0ch04	62948718	62948718	0	SPIMPch04	65471011	65471043	32	SV_w_27742
Deletion	SL4.0ch07	29082884	29083029	145	SPIMPch07	30273829	30273829	0	SV_w_86146
Insertion	SL4.0ch07	11182244	11182244	0	SPIMPch07	11591386	11591406	20	SV_w_47844
Insertion	SL4.0ch01	89337993	89337993	0	SPIMPch01	93982118	93982147	29	SV_w_9247
Deletion	SL4.0ch08	27878970	27879015	45	SPIMPch08	34882855	34882855	0	SV_w_86599
Insertion	SL4.0ch09	12188884	12188884	0	SPIMPch09	12418347	12418387	40	SV_w_61602
Deletion	SL4.0ch04	53691378	53691443	65	SPIMPch04	56149129	56149129	0	SV_w_28600
Deletion	SL4.0ch10	43991360	43991373	13	SPIMPch10	46819080	46819080	0	SV_w_88700
Deletion	SL4.0ch01	8274654	8274690	36	SPIMPch01	8739009	8739009	0	SV_w_2468
Deletion	SL4.0ch01	29282065	29282076	11	SPIMPch01	32778248	32778248	0	SV_w_711
Insertion	SL4.0ch06	43879704	43879704	0	SPIMPch06	46125672	46125722	50	SV_w_41667
Deletion	SL4.0ch03	30620330	30620368	38	SPIMPch03	31388706	31388706	0	SV_w_22378
Insertion	SL4.0ch01	90257560	90257560	0	SPIMPch01	94877591	94877604	13	SV_w_7194
Deletion	SL4.0ch12	2494000	2494071	71	SPIMPch12	2453223	2453223	0	SV_w_81084
Insertion	SL4.0ch11	29312980	29312980	0	SPIMPch11	30715797	30715818	21	SV_w_73344
Deletion	SL4.0ch08	32247586	32247648	62	SPIMPch08	30189392	30189392	0	SV_w_86671
Insertion	SL4.0ch12	35624981	35624981	0	SPIMPch12	30647801	30647820	19	SV_w_80351
Insertion	SL4.0ch09	2009724	2009724	0	SPIMPch09	2001180	2001206	26	SV_w_62816
Insertion	SL4.0ch04	52319655	52319655	0	SPIMPch04	54743928	54743947	19	SV_w_27825
Deletion	SL4.0ch07	41035360	41035391	31	SPIMPch07	40468286	40468286	0	SV_w_45632
Deletion	SL4.0ch09	63755458	63755470	12	SPIMPch09	66436393	66436393	0	SV_w_64402
Deletion	SL4.0ch08	54413261	54413289	28	SPIMPch08	56970564	56970564	0	SV_w_57112
Deletion	SL4.0ch06	30969111	30969155	44	SPIMPch06	33008014	33008014	0	SV_w_42456
Insertion	SL4.0ch09	11997913	11997913	0	SPIMPch09	12227074	12227086	12	SV_w_61583
Insertion	SL4.0ch04	334520	334520	0	SPIMPch04	313596	313609	13	SV_w_28705
Insertion	SL4.0ch08	61963919	61963919	0	SPIMPch08	64692681	64692691	10	SV_w_59672
Insertion	SL4.0ch02	30018443	30018443	0	SPIMPch02	31539896	31539966	70	SV_w_13148
Insertion	SL4.0ch01	47284930	47284930	0	SPIMPch01	50076950	50076964	14	SV_w_83593
Deletion	SL4.0ch07	15080087	15080114	27	SPIMPch07	15527468	15527468	0	SV_w_46660
Insertion	SL4.0ch08	63241407	63241407	0	SPIMPch08	65956433	65956475	42	SV_w_58678
Deletion	SL4.0ch11	51188152	51188198	46	SPIMPch11	52897706	52897706	0	SV_w_76528
Deletion	SL4.0ch09	6043303	6043343	40	SPIMPch09	6284458	6284458	0	SV_w_63958
Deletion	SL4.0ch12	63226894	63226906	12	SPIMPch12	66734673	66734673	0	SV_w_82378
Insertion	SL4.0ch08	5923229	5923229	0	SPIMPch08	5982280	5982292	12	SV_w_53996
Deletion	SL4.0ch11	31120410	31120595	185	SPIMPch11	32544489	32544489	0	SV_w_71875
Repeat_expansion/INS	SL4.0ch04	41430220	41430220	0	SPIMPch04	43521901	43522910	1009	SV_b_20747a
Deletion	SL4.0ch07	14126229	14126263	34	SPIMPch07	15053479	15053479	0	SV_w_47469
Deletion	SL4.0ch04	51816586	51816600	14	SPIMPch04	54231984	54231984	0	SV_w_32465
Deletion	SL4.0ch01	75912020	75912041	21	SPIMPch01	80566275	80566275	0	SV_w_10586
Insertion	SL4.0ch08	62714685	62714685	0	SPIMPch08	65435255	65435267	12	SV_w_57377
Deletion	SL4.0ch07	26769243	26769253	10	SPIMPch07	26574284	26574284	0	SV_w_46997
Deletion	SL4.0ch04	1091189	1091206	17	SPIMPch04	1076180	1076180	0	SV_w_32334
Deletion	SL4.0ch01	6987774	6987792	18	SPIMPch01	7400648	7400648	0	SV_w_1858
Insertion	SL4.0ch09	10803898	10803898	0	SPIMPch09	11014865	11014896	31	SV_w_61377
Insertion	SL4.0ch12	61335529	61335529	0	SPIMPch12	64849440	64849453	13	SV_w_79927
Insertion	SL4.0ch07	54742199	54742199	0	SPIMPch07	54115562	54115573	11	SV_w_47016
Insertion	SL4.0ch09	28440910	28440910	0	SPIMPch09	30354561	30354630	69	SV_w_60107
Insertion	SL4.0ch07	59742792	59742792	0	SPIMPch07	59232541	59232565	24	SV_w_52341
Insertion	SL4.0ch06	45999688	45999688	0	SPIMPch06	48278582	48278612	30	SV_w_45046
Insertion	SL4.0ch01	4522864	4522864	0	SPIMPch01	4743624	4743662	38	SV_w_8100
Deletion	SL4.0ch06	35892485	35893327	842	SPIMPch06	37946199	37946199	0	SV_w_42961
Deletion	SL4.0ch02	49606876	49606890	14	SPIMPch02	51846109	51846109	0	SV_w_14193
Deletion	SL4.0ch04	14441200	14441791	591	SPIMPch04	15684491	15684491	0	SV_w_27110
Insertion	SL4.0ch01	63684560	63684560	0	SPIMPch01	68429007	68429212	205	SV_w_460
Deletion	SL4.0ch06	43630543	43630555	12	SPIMPch06	45891997	45891997	0	SV_w_43027
Insertion	SL4.0ch09	48962629	48962629	0	SPIMPch09	51565831	51565841	10	SV_w_61288
Insertion	SL4.0ch09	62585821	62585821	0	SPIMPch09	65231491	65231504	13	SV_w_65127
Insertion	SL4.0ch10	27511710	27511710	0	SPIMPch10	28852522	28852535	13	SV_w_67483
Deletion	SL4.0ch06	32151343	32151383	40	SPIMPch06	34126734	34126734	0	SV_w_41328
Insertion	SL4.0ch04	15129602	15129602	0	SPIMPch04	16428270	16428281	11	SV_w_26310
Insertion	SL4.0ch04	24723294	24723302	8	SPIMPch04	25987768	26028814	41046	SV_b_27006
Deletion	SL4.0ch05	29452082	29452100	18	SPIMPch05	30326585	30326585	0	SV_w_35211
Deletion	SL4.0ch06	45057431	45057510	79	SPIMPch06	47329111	47329111	0	SV_w_40735
Deletion	SL4.0ch03	55318756	55318768	12	SPIMPch03	55837065	55837065	0	SV_w_20789
Insertion	SL4.0ch11	18751983	18751983	0	SPIMPch11	20377048	20377062	14	SV_w_72774
Insertion	SL4.0ch10	13950010	13950010	0	SPIMPch10	24502943	24502954	11	SV_w_88059
Deletion	SL4.0ch07	60461186	60461211	25	SPIMPch07	59968112	59968112	0	SV_w_50362
Deletion	SL4.0ch08	46400800	46400810	10	SPIMPch08	48769761	48769761	0	SV_w_59242
Insertion	SL4.0ch02	4366196	4366196	0	SPIMPch02	4567941	4567953	12	SV_w_14204
Deletion	SL4.0ch02	38631154	38631164	10	SPIMPch02	40562379	40562379	0	SV_w_12461
Insertion	SL4.0ch11	8091125	8091125	0	SPIMPch11	8011755	8011768	13	SV_w_73180
Insertion	SL4.0ch12	57357158	57357158	0	SPIMPch12	60879935	60879961	26	SV_w_82292
Deletion	SL4.0ch10	53856066	53856077	11	SPIMPch10	56898923	56898923	0	SV_w_66037
Deletion	SL4.0ch11	5049041	5049065	24	SPIMPch11	4989869	4989869	0	SV_w_73851
Insertion	SL4.0ch09	67740552	67740552	0	SPIMPch09	70465464	70465482	18	SV_w_64015
Insertion	SL4.0ch12	46743585	46743585	0	SPIMPch12	50015371	50016276	905	SV_w_81955
Insertion	SL4.0ch08	2348888	2348888	0	SPIMPch08	2406111	2406513	402	SV_w_58749
Insertion	SL4.0ch03	43059824	43059824	0	SPIMPch03	41868287	41868309	22	SV_w_84043
Deletion	SL4.0ch05	54857472	54857516	44	SPIMPch05	56179698	56179698	0	SV_w_36210
Insertion	SL4.0ch01	18370854	18370854	0	SPIMPch01	11446195	11446207	12	SV_w_82992
Deletion	SL4.0ch09	19442953	19442991	38	SPIMPch09	21092782	21092782	0	SV_w_87455
Insertion	SL4.0ch01	65222941	65222941	0	SPIMPch01	69983981	69984000	19	SV_w_158
Deletion/Substitution	SL4.0ch03	20307808	20307855	47	SPIMPch03	20755004	20755017	13	SV_w_19018
Insertion	SL4.0ch06	42619195	42619195	0	SPIMPch06	44836790	44836800	10	SV_w_41652
Insertion	SL4.0ch09	50240510	50240510	0	SPIMPch09	52846134	52846145	11	SV_w_60608
Deletion	SL4.0ch10	8005631	8005642	11	SPIMPch10	8026627	8026627	0	SV_w_66885
Insertion/INS	SL4.0ch10	34518401	34518407	6	SPIMPch10	36400436	36410100	9664	SV_b_25196a
Insertion	SL4.0ch05	27100011	27100011	0	SPIMPch05	27976708	27977024	316	SV_w_33802
Insertion	SL4.0ch03	34029935	34029935	0	SPIMPch03	34772442	34772460	18	SV_w_22584
Deletion	SL4.0ch01	52559082	52559138	56	SPIMPch01	56815134	56815134	0	SV_w_299
Insertion	SL4.0ch06	41437160	41437160	0	SPIMPch06	43606995	43607051	56	SV_w_40705
Insertion	SL4.0ch08	1546756	1546756	0	SPIMPch08	1579549	1579567	18	SV_w_59128
Deletion	SL4.0ch03	27330445	27330501	56	SPIMPch03	27810301	27810301	0	SV_w_19420
Deletion	SL4.0ch01	34085024	34085237	213	SPIMPch01	37894288	37894288	0	SV_w_8506
Deletion	SL4.0ch01	75542987	75543031	44	SPIMPch01	80196287	80196287	0	SV_w_4533
Deletion	SL4.0ch01	74417933	74417970	37	SPIMPch01	79080478	79080478	0	SV_w_10431
Deletion	SL4.0ch12	20240612	20240630	18	SPIMPch12	20945951	20945951	0	SV_w_77729
Deletion	SL4.0ch10	32236767	32236793	26	SPIMPch10	33940711	33940711	0	SV_w_67230
Insertion	SL4.0ch09	639132	639132	0	SPIMPch09	662483	662505	22	SV_w_63136
Insertion	SL4.0ch04	47645375	47645375	0	SPIMPch04	49967496	49967510	14	SV_w_29699
Insertion	SL4.0ch11	43055636	43055636	0	SPIMPch11	44577610	44577628	18	SV_w_72034
Deletion	SL4.0ch01	25901431	25901532	101	SPIMPch01	29325519	29325519	0	SV_w_918
Deletion	SL4.0ch07	58195631	58195643	12	SPIMPch07	57503650	57503650	0	SV_w_48939
Deletion	SL4.0ch06	42912615	42912635	20	SPIMPch06	45133205	45133205	0	SV_w_41438
Deletion	SL4.0ch01	62377800	62377832	32	SPIMPch01	67075598	67075598	0	SV_w_2363
Deletion	SL4.0ch02	48420737	48420747	10	SPIMPch02	50648284	50648284	0	SV_w_12075
Deletion	SL4.0ch05	23816480	23816490	10	SPIMPch05	24669710	24669710	0	SV_w_37716
Deletion	SL4.0ch03	31733003	31733022	19	SPIMPch03	32518220	32518220	0	SV_w_22459
Deletion	SL4.0ch01	89954940	89954960	20	SPIMPch01	94573965	94573965	0	SV_w_4104
Insertion	SL4.0ch05	26830487	26830487	0	SPIMPch05	27739499	27739518	19	SV_w_37644
Insertion	SL4.0ch01	81284320	81284320	0	SPIMPch01	85925725	85925737	12	SV_w_6399
Repeat_contraction/DEL	SL4.0ch08	1666101	1666180	79	SPIMPch08	1736996	1737047	51	SV_b_23512a
Insertion	SL4.0ch01	81333120	81333120	0	SPIMPch01	85974553	85974583	30	SV_w_6410
Deletion	SL4.0ch09	483235	483249	14	SPIMPch09	435291	435291	0	SV_w_65281
Insertion	SL4.0ch01	53407913	53407913	0	SPIMPch01	57682639	57682655	16	SV_w_217
Insertion	SL4.0ch04	42307193	42307193	0	SPIMPch04	44444206	44444223	17	SV_w_30007
Repeat_contraction/DEL	SL4.0ch03	47782907	47783132	225	SPIMPch03	48071944	48071976	32	SV_b_19939a
Insertion	SL4.0ch12	46963014	46963014	0	SPIMPch12	50229938	50230006	68	SV_w_77329
Insertion	SL4.0ch03	6003294	6003294	0	SPIMPch03	6147802	6147820	18	SV_w_19641
Insertion	SL4.0ch04	1663402	1663402	0	SPIMPch04	1632671	1632684	13	SV_w_31338
Deletion	SL4.0ch06	1127791	1127821	30	SPIMPch06	1182944	1182944	0	SV_w_42777
Deletion	SL4.0ch05	265297	265315	18	SPIMPch05	355876	355876	0	SV_w_37290
Insertion	SL4.0ch08	57083477	57083477	0	SPIMPch08	59700841	59700854	13	SV_w_57189
Insertion	SL4.0ch03	1529765	1529765	0	SPIMPch03	1529524	1529548	24	SV_w_24455
Deletion	SL4.0ch12	1685723	1685733	10	SPIMPch12	1690361	1690361	0	SV_w_81609
Deletion	SL4.0ch10	3192461	3192479	18	SPIMPch10	3313774	3313774	0	SV_w_70544
Deletion	SL4.0ch05	5457356	5457371	15	SPIMPch05	5713947	5713947	0	SV_w_37687
Insertion	SL4.0ch11	26951573	26951573	0	SPIMPch11	28231207	28231218	11	SV_w_72010
Deletion	SL4.0ch10	1554210	1554222	12	SPIMPch10	1658568	1658568	0	SV_w_70962
Deletion	SL4.0ch04	57144930	57144941	11	SPIMPch04	59642973	59642973	0	SV_w_30812
Insertion	SL4.0ch01	65336539	65336539	0	SPIMPch01	70097829	70098114	285	SV_w_170
Deletion	SL4.0ch01	84454393	84454431	38	SPIMPch01	89081243	89081243	0	SV_w_2164
Insertion	SL4.0ch11	34872203	34872203	0	SPIMPch11	36342293	36342311	18	SV_w_71291
Insertion	SL4.0ch09	17463498	17463498	0	SPIMPch09	23842655	23842693	38	SV_w_87052
Insertion	SL4.0ch02	32107388	32107388	0	SPIMPch02	33935288	33935745	457	SV_w_17137
Insertion	SL4.0ch09	3981540	3981540	0	SPIMPch09	4031413	4031432	19	SV_w_63111
Insertion	SL4.0ch01	83055203	83055203	0	SPIMPch01	87700227	87700240	13	SV_w_7635
Insertion	SL4.0ch02	36938099	36938099	0	SPIMPch02	38807536	38807555	19	SV_w_14632
Deletion	SL4.0ch01	58282682	58282708	26	SPIMPch01	63006788	63006788	0	SV_w_2518
Insertion	SL4.0ch04	21744352	21744352	0	SPIMPch04	24785343	24787148	1805	SV_w_84874
Insertion	SL4.0ch03	3545093	3545093	0	SPIMPch03	3535983	3536008	25	SV_w_24928
Insertion	SL4.0ch01	14919132	14919132	0	SPIMPch01	14972414	14972425	11	SV_w_82556
Insertion	SL4.0ch11	8199464	8199464	0	SPIMPch11	8117490	8117506	16	SV_w_73202
Insertion	SL4.0ch10	16330542	16330542	0	SPIMPch10	22092304	22093137	833	SV_w_69060
Deletion	SL4.0ch03	63735493	63735503	10	SPIMPch03	64244412	64244412	0	SV_w_21721
Insertion	SL4.0ch05	48618452	48618452	0	SPIMPch05	50038095	50038114	19	SV_w_35946
Deletion	SL4.0ch03	47244715	47244742	27	SPIMPch03	47535364	47535364	0	SV_w_25205
Deletion	SL4.0ch09	6684829	6684843	14	SPIMPch09	6949633	6949633	0	SV_w_64677
Insertion	SL4.0ch01	68840015	68840015	0	SPIMPch01	73446445	73446474	29	SV_w_3334
Deletion	SL4.0ch11	9208746	9209147	401	SPIMPch11	9152043	9152043	0	SV_w_74557
Insertion	SL4.0ch05	53377283	53377283	0	SPIMPch05	54681875	54681888	13	SV_w_35503
Deletion	SL4.0ch10	52170454	52170859	405	SPIMPch10	55209920	55209920	0	SV_w_65966
Insertion	SL4.0ch06	36749488	36749488	0	SPIMPch06	38793854	38793891	37	SV_w_43017
Insertion	SL4.0ch06	22793845	22793845	0	SPIMPch06	26545360	26545386	26	SV_w_85856
Insertion	SL4.0ch09	53555835	53555835	0	SPIMPch09	56096712	56096742	30	SV_w_60458
Insertion	SL4.0ch05	48109279	48109279	0	SPIMPch05	49519628	49519709	81	SV_w_36301
Deletion	SL4.0ch02	36245604	36245836	232	SPIMPch02	38130203	38130203	0	SV_w_17709
Deletion	SL4.0ch10	62168522	62168535	13	SPIMPch10	65388049	65388049	0	SV_w_68642
Insertion	SL4.0ch08	1470873	1470873	0	SPIMPch08	1504827	1504847	20	SV_w_59452
Deletion	SL4.0ch10	61582464	61582511	47	SPIMPch10	64875489	64875489	0	SV_w_68965
Deletion	SL4.0ch01	71706844	71706963	119	SPIMPch01	76395793	76395793	0	SV_w_9318
Insertion	SL4.0ch07	25069569	25069569	0	SPIMPch07	25047870	25047882	12	SV_w_47269
Deletion	SL4.0ch05	61520601	61520629	28	SPIMPch05	63037199	63037199	0	SV_w_36828
Insertion	SL4.0ch03	39430358	39430358	0	SPIMPch03	39912402	39920165	7763	SV_w_25079
Insertion	SL4.0ch09	59961385	59961385	0	SPIMPch09	62669293	62669307	14	SV_w_62461
Deletion	SL4.0ch01	66015360	66015398	38	SPIMPch01	70759702	70759702	0	SV_w_5184
Insertion	SL4.0ch05	53437003	53437003	0	SPIMPch05	54741565	54741577	12	SV_w_35509
Deletion	SL4.0ch04	50998193	50998203	10	SPIMPch04	53391530	53391530	0	SV_w_26759
Deletion	SL4.0ch03	22215637	22215672	35	SPIMPch03	22675748	22675748	0	SV_w_18503
Deletion	SL4.0ch01	50881470	50881486	16	SPIMPch01	55145940	55145940	0	SV_w_994
Deletion	SL4.0ch02	18780854	18780870	16	SPIMPch02	20081601	20081601	0	SV_w_13719
Insertion	SL4.0ch08	22580702	22580702	0	SPIMPch08	25012475	25012513	38	SV_w_55143
Insertion	SL4.0ch01	80565361	80565361	0	SPIMPch01	85223033	85223047	14	SV_w_3814
Insertion	SL4.0ch09	59266476	59266476	0	SPIMPch09	61976459	61976471	12	SV_w_62746
Insertion	SL4.0ch07	41468138	41468138	0	SPIMPch07	40893884	40893894	10	SV_w_50613
Deletion	SL4.0ch04	50705675	50705687	12	SPIMPch04	53116052	53116052	0	SV_w_32061
Insertion	SL4.0ch09	65340195	65340195	0	SPIMPch09	68068178	68068189	11	SV_w_63782
Deletion	SL4.0ch12	3599653	3599672	19	SPIMPch12	3546084	3546084	0	SV_w_81897
Deletion	SL4.0ch06	34986467	34986640	173	SPIMPch06	36987684	36987684	0	SV_w_43064
Repeat_expansion/INS	SL4.0ch02	23266613	23266663	50	SPIMPch02	24556516	24556590	74	SV_b_18808a
Deletion	SL4.0ch01	42909800	42919119	9319	SPIMPch01	48415089	48415089	0	SV_w_8685
Insertion	SL4.0ch10	45897511	45897511	0	SPIMPch10	46935190	46935244	54	SV_w_88645
Deletion	SL4.0ch08	58015981	58016177	196	SPIMPch08	60684247	60684247	0	SV_w_58207
Deletion	SL4.0ch07	43856802	43856812	10	SPIMPch07	43303230	43303230	0	SV_w_52872
Deletion	SL4.0ch04	33293850	33293865	15	SPIMPch04	35006133	35006133	0	SV_w_32190
Repeat_contraction/DEL	SL4.0ch04	57602314	57602395	81	SPIMPch04	60115072	60115102	30	SV_b_21001a
Insertion	SL4.0ch12	2605501	2605501	0	SPIMPch12	2563043	2563060	17	SV_w_81108
Insertion	SL4.0ch08	3300298	3300298	0	SPIMPch08	3392892	3392967	75	SV_w_57676
Insertion	SL4.0ch02	43463403	43463403	0	SPIMPch02	45544788	45544801	13	SV_w_14170
Deletion	SL4.0ch08	57008103	57008113	10	SPIMPch08	59625648	59625648	0	SV_w_58220
Insertion	SL4.0ch01	67980290	67980290	0	SPIMPch01	72648686	72648697	11	SV_w_6732
Insertion	SL4.0ch02	45371783	45371783	0	SPIMPch02	47409667	47409678	11	SV_w_13075
Insertion	SL4.0ch07	31361002	31361002	0	SPIMPch07	30688393	30688403	10	SV_w_47029
Insertion	SL4.0ch06	18932553	18932553	0	SPIMPch06	19588351	19588363	12	SV_w_85241
Insertion	SL4.0ch01	34094369	34094369	0	SPIMPch01	37903441	37903467	26	SV_w_8510
Deletion	SL4.0ch04	860727	860766	39	SPIMPch04	846740	846740	0	SV_w_31346
Insertion	SL4.0ch12	63119302	63119302	0	SPIMPch12	66614121	66614135	14	SV_w_81789
Deletion	SL4.0ch11	53331385	53331642	257	SPIMPch11	55069993	55069993	0	SV_w_76657
Insertion	SL4.0ch12	48071120	48071120	0	SPIMPch12	51338999	51339010	11	SV_w_77422
Deletion	SL4.0ch04	56322314	56322350	36	SPIMPch04	58774823	58774823	0	SV_w_29346
Insertion	SL4.0ch10	54116265	54116265	0	SPIMPch10	57148480	57152209	3729	SV_w_66056
Insertion	SL4.0ch01	35667162	35667162	0	SPIMPch01	40648111	40648122	11	SV_w_2573
Deletion	SL4.0ch11	10079486	10079514	28	SPIMPch11	10073090	10073090	0	SV_w_75221
Deletion	SL4.0ch01	62692995	62693007	12	SPIMPch01	67392979	67392979	0	SV_w_3600
Deletion	SL4.0ch01	3262152	3262290	138	SPIMPch01	3419421	3419421	0	SV_w_8565
Insertion	SL4.0ch03	14615905	14615905	0	SPIMPch03	15238843	15238880	37	SV_w_23813
Insertion	SL4.0ch01	84354219	84354219	0	SPIMPch01	88985643	88985659	16	SV_w_2034
Insertion	SL4.0ch04	39140077	39140077	0	SPIMPch04	41102307	41102324	17	SV_w_26414
Deletion	SL4.0ch01	33176411	33176429	18	SPIMPch01	36925104	36925104	0	SV_w_4076
Insertion	SL4.0ch11	2156975	2156975	0	SPIMPch11	2146478	2146493	15	SV_w_73963
Deletion	SL4.0ch02	32162157	32162170	13	SPIMPch02	34003070	34003070	0	SV_w_17661
Insertion	SL4.0ch07	53674877	53674877	0	SPIMPch07	53058964	53059023	59	SV_w_47900
Insertion	SL4.0ch07	6978843	6978843	0	SPIMPch07	6926385	6926412	27	SV_w_47216
Deletion	SL4.0ch01	26122557	26133878	11321	SPIMPch01	29547976	29547976	0	SV_w_939
Insertion	SL4.0ch07	18895974	18895974	0	SPIMPch07	18800004	18800161	157	SV_w_45441
Insertion	SL4.0ch02	48983029	48983029	0	SPIMPch02	51206991	51207009	18	SV_w_15033
Insertion	SL4.0ch06	24707575	24707575	0	SPIMPch06	24592668	24592680	12	SV_w_85879
Deletion	SL4.0ch06	43076601	43076621	20	SPIMPch06	45301355	45301355	0	SV_w_44454
Repeat_expansion/INS	SL4.0ch07	46246571	46246593	22	SPIMPch07	45569544	45569858	314	SV_b_23074a
Insertion	SL4.0ch08	53528884	53528884	0	SPIMPch07	56580438	56580457	19	SV_w_91607
Deletion	SL4.0ch01	85651689	85651710	21	SPIMPch01	90289071	90289071	0	SV_w_139
Deletion	SL4.0ch12	217582	217598	16	SPIMPch12	210587	210587	0	SV_w_79353
Insertion	SL4.0ch12	59253608	59253608	0	SPIMPch12	62553191	62553203	12	SV_w_82078
Deletion	SL4.0ch12	33581410	33581424	14	SPIMPch12	36238224	36238224	0	SV_w_78175
Deletion	SL4.0ch07	31632789	31632823	34	SPIMPch07	30926843	30926843	0	SV_w_49384
Deletion	SL4.0ch01	85487395	85487468	73	SPIMPch01	90124424	90124424	0	SV_w_103
Insertion	SL4.0ch06	36258608	36258608	0	SPIMPch06	38315696	38315717	21	SV_w_43175
Deletion	SL4.0ch04	19102658	19102695	37	SPIMPch04	20544460	20544460	0	SV_w_33360
Deletion	SL4.0ch04	27455637	27455648	11	SPIMPch04	28841794	28841794	0	SV_w_26254
Insertion	SL4.0ch01	8614144	8614144	0	SPIMPch01	9154307	9154327	20	SV_w_5410
Insertion	SL4.0ch02	18019488	18019488	0	SPIMPch02	19054197	19054209	12	SV_w_17928
Insertion	SL4.0ch06	29023935	29023935	0	SPIMPch06	31108172	31108185	13	SV_w_40432
Deletion	SL4.0ch03	32179860	32179873	13	SPIMPch03	32946918	32946918	0	SV_w_23775
Insertion	SL4.0ch07	56234244	56234244	0	SPIMPch07	55550867	55550955	88	SV_w_48621
Insertion	SL4.0ch08	51643143	51643143	0	SPIMPch08	54188209	54188229	20	SV_w_55901
Insertion	SL4.0ch11	46685151	46685151	0	SPIMPch11	48352298	48352742	444	SV_w_74581
Insertion	SL4.0ch04	6263143	6263143	0	SPIMPch04	6528382	6528401	19	SV_w_29522
Insertion	SL4.0ch12	48684575	48684575	0	SPIMPch12	51953397	51953429	32	SV_w_77193
Deletion	SL4.0ch03	39073846	39073857	11	SPIMPch03	39546326	39546326	0	SV_w_23693
Deletion	SL4.0ch08	20648417	20648431	14	SPIMPch08	22291509	22291509	0	SV_w_58229
Deletion	SL4.0ch10	59273031	59273054	23	SPIMPch10	62594171	62594171	0	SV_w_68559
Insertion	SL4.0ch03	55995114	55995114	0	SPIMPch03	56553468	56553482	14	SV_w_21403
Insertion	SL4.0ch03	10089894	10089894	0	SPIMPch03	10770576	10770586	10	SV_w_21299
Insertion	SL4.0ch05	61786387	61786387	0	SPIMPch05	63298960	63298971	11	SV_w_37849
Insertion	SL4.0ch01	82665336	82665336	0	SPIMPch01	87322774	87322786	12	SV_w_2695
Deletion	SL4.0ch06	43113056	43113066	10	SPIMPch06	45342856	45342856	0	SV_w_40367
Deletion	SL4.0ch05	4416103	4416127	24	SPIMPch05	4579234	4579234	0	SV_w_39076
Deletion	SL4.0ch09	66720819	66721206	387	SPIMPch09	69486545	69486545	0	SV_w_64715
Insertion	SL4.0ch06	29972717	29972717	0	SPIMPch06	32041559	32041578	19	SV_w_44859
Insertion	SL4.0ch07	61812862	61812862	0	SPIMPch07	61291198	61291232	34	SV_w_50685
Deletion	SL4.0ch01	88898912	88898940	28	SPIMPch01	93511313	93511313	0	SV_w_8907
Deletion	SL4.0ch08	50050289	50050321	32	SPIMPch08	52533150	52533150	0	SV_w_53725
Insertion	SL4.0ch06	38051162	38051162	0	SPIMPch06	40182030	40182041	11	SV_w_42151
Insertion	SL4.0ch07	11223850	11223850	0	SPIMPch07	11633011	11633029	18	SV_w_47847
Insertion	SL4.0ch12	37435281	37435281	0	SPIMPch12	40402338	40402362	24	SV_w_78958
Deletion	SL4.0ch09	9172706	9172724	18	SPIMPch09	9464440	9464440	0	SV_w_60745
Insertion	SL4.0ch12	7509992	7509992	0	SPIMPch12	7562845	7562859	14	SV_w_77385
Deletion	SL4.0ch09	6232791	6232822	31	SPIMPch09	6489123	6489123	0	SV_w_63181
Deletion	SL4.0ch03	7482080	7482693	613	SPIMPch03	8141820	8141820	0	SV_w_23236
Insertion	SL4.0ch11	14572170	14572170	0	SPIMPch11	14680414	14680425	11	SV_w_72220
Insertion	SL4.0ch08	8240242	8240242	0	SPIMPch08	8296444	8296474	30	SV_w_53195
Deletion	SL4.0ch08	26307079	26307091	12	SPIMPch08	37380159	37380159	0	SV_w_56199
Deletion	SL4.0ch10	4472716	4472737	21	SPIMPch10	39908046	39908046	0	SV_w_88021
Insertion	SL4.0ch03	17599467	17599467	0	SPIMPch03	18117357	18117376	19	SV_w_19482
Deletion/Substitution	SL4.0ch06	46627546	46628142	596	SPIMPch06	48904113	48904119	6	SV_w_39952
Deletion	SL4.0ch01	9700799	9700836	37	SPIMPch01	23448873	23448873	0	SV_w_83404
Deletion	SL4.0ch06	3669145	3669161	16	SPIMPch06	4027299	4027299	0	SV_w_41644
Insertion	SL4.0ch08	46221	46221	0	SPIMPch08	48409	48425	16	SV_w_57979
Insertion	SL4.0ch10	61091108	61091108	0	SPIMPch10	64390948	64390993	45	SV_w_67961
Insertion	SL4.0ch09	37284268	37284268	0	SPIMPch09	39431365	39437203	5838	SV_w_60049
Insertion	SL4.0ch06	41485698	41485698	0	SPIMPch06	43655558	43655569	11	SV_w_40710
Deletion	SL4.0ch09	65046184	65046551	367	SPIMPch09	67772718	67772718	0	SV_w_62987
Deletion	SL4.0ch06	22972338	22972476	138	SPIMPch06	26353222	26353222	0	SV_w_85347
Insertion	SL4.0ch07	679834	679834	0	SPIMPch07	728733	728751	18	SV_w_49907
Insertion	SL4.0ch01	51941114	51941114	0	SPIMPch01	56178197	56178219	22	SV_w_5696
Deletion	SL4.0ch04	42195789	42195803	14	SPIMPch04	44312266	44312266	0	SV_w_28311
Insertion	SL4.0ch07	7829343	7829343	0	SPIMPch07	8224680	8224706	26	SV_w_49594
Deletion	SL4.0ch12	57450883	57450912	29	SPIMPch12	60966954	60966954	0	SV_w_79219
Deletion	SL4.0ch03	55394473	55394483	10	SPIMPch03	55912902	55912902	0	SV_w_20801
Deletion	SL4.0ch07	39113067	39113444	377	SPIMPch07	38490894	38490894	0	SV_w_46360
Insertion	SL4.0ch03	46109715	46109715	0	SPIMPch03	46427594	46432257	4663	SV_w_19726
Deletion	SL4.0ch07	49004760	49007997	3237	SPIMPch07	48334003	48334003	0	SV_w_47497
Insertion	SL4.0ch04	18584683	18584683	0	SPIMPch04	20027982	20028006	24	SV_w_32303
Insertion	SL4.0ch09	61435831	61435831	0	SPIMPch09	64121604	64121624	20	SV_w_62937
Insertion	SL4.0ch11	44630765	44630765	0	SPIMPch11	46747435	46747454	19	SV_w_88939
Insertion	SL4.0ch11	22986603	22986603	0	SPIMPch11	24006625	24006921	296	SV_w_76394
Insertion	SL4.0ch12	393962	393962	0	SPIMPch12	398557	398576	19	SV_w_82485
Insertion	SL4.0ch06	38073413	38073413	0	SPIMPch06	40204308	40204362	54	SV_w_42152
Insertion	SL4.0ch10	44757212	44757212	0	SPIMPch10	48198248	48198261	13	SV_w_87937
Deletion	SL4.0ch12	8169553	8169563	10	SPIMPch12	8229894	8229894	0	SV_w_76990
Deletion	SL4.0ch10	6202811	6202829	18	SPIMPch10	6159112	6159112	0	SV_w_66758
Deletion	SL4.0ch05	26536528	26536542	14	SPIMPch05	27444456	27444456	0	SV_w_34046
Insertion	SL4.0ch10	11211995	11211995	0	SPIMPch10	11238766	11238776	10	SV_w_67735
Deletion	SL4.0ch01	90221745	90221816	71	SPIMPch01	94841781	94841781	0	SV_w_7187
Deletion	SL4.0ch01	85680252	85680263	11	SPIMPch01	90317648	90317648	0	SV_w_141
Deletion	SL4.0ch10	63207772	63211371	3599	SPIMPch10	66443482	66443482	0	SV_w_68121
Deletion	SL4.0ch11	10625348	10625360	12	SPIMPch11	10603328	10603328	0	SV_w_75202
Insertion	SL4.0ch07	64268069	64268069	0	SPIMPch07	63779300	63779311	11	SV_w_48508
Insertion	SL4.0ch05	38769831	38769831	0	SPIMPch05	39912456	39912703	247	SV_w_36208
Deletion	SL4.0ch01	1390043	1390061	18	SPIMPch01	1493678	1493678	0	SV_w_8526
Insertion	SL4.0ch11	49709698	49709698	0	SPIMPch11	51445324	51445359	35	SV_w_75275
Insertion	SL4.0ch04	1583271	1583271	0	SPIMPch04	1551201	1551279	78	SV_w_32612
Insertion	SL4.0ch05	62754211	62754211	0	SPIMPch05	64319382	64319394	12	SV_w_36788
Deletion	SL4.0ch12	47577472	47577508	36	SPIMPch12	50847497	50847497	0	SV_w_77971
Insertion	SL4.0ch11	5462073	5462073	0	SPIMPch11	5389619	5389631	12	SV_w_75903
Insertion	SL4.0ch01	74368336	74368336	0	SPIMPch01	79032441	79032455	14	SV_w_7225
Deletion	SL4.0ch12	9179436	9179465	29	SPIMPch12	9234230	9234230	0	SV_w_77299
Repeat_expansion/INS	SL4.0ch11	42682438	42682439	1	SPIMPch11	44163857	44172234	8377	SV_b_25954a
Deletion	SL4.0ch11	51656603	51656616	13	SPIMPch11	53364827	53364827	0	SV_w_74844
Insertion	SL4.0ch08	2051777	2051777	0	SPIMPch08	2117419	2117438	19	SV_w_57631
Insertion	SL4.0ch05	6205253	6205253	0	SPIMPch05	6538473	6538484	11	SV_w_37252
Insertion	SL4.0ch02	31165340	31165340	0	SPIMPch02	33005737	33005767	30	SV_w_18101
Deletion	SL4.0ch12	59855573	59855589	16	SPIMPch12	63337816	63337816	0	SV_w_79983
Tandem_expansion/INS	SL4.0ch07	52348013	52348014	1	SPIMPch07	51757816	51763227	5411	SV_b_23117a
Deletion	SL4.0ch05	25399505	25399557	52	SPIMPch05	26251496	26251496	0	SV_w_34104
Insertion	SL4.0ch08	23908557	23908557	0	SPIMPch08	26420909	26420930	21	SV_w_54306
Deletion	SL4.0ch01	84974631	84975354	723	SPIMPch01	89612613	89612613	0	SV_w_11089
Insertion	SL4.0ch07	64604414	64604414	0	SPIMPch07	64113199	64113228	29	SV_w_52701
Deletion	SL4.0ch01	81036510	81036540	30	SPIMPch01	85688675	85688675	0	SV_w_2417
Insertion	SL4.0ch11	2474890	2474890	0	SPIMPch11	2449598	2449608	10	SV_w_75201
Insertion/INS	SL4.0ch07	43529446	43529446	0	SPIMPch07	42926659	42957109	30450	SV_b_23046a
Insertion	SL4.0ch01	79672374	79672374	0	SPIMPch01	84329639	84329655	16	SV_w_4380
Deletion	SL4.0ch02	17161710	17161758	48	SPIMPch02	16735391	16735391	0	SV_w_13676
Insertion	SL4.0ch05	58780829	58780829	0	SPIMPch05	60120147	60120166	19	SV_w_36755
Repeat_contraction/DEL	SL4.0ch08	57750542	57750651	109	SPIMPch08	60387836	60387858	22	SV_b_24077a
Insertion	SL4.0ch04	4729143	4729143	0	SPIMPch04	4877440	4877466	26	SV_w_30054
Insertion	SL4.0ch05	6451719	6451719	0	SPIMPch05	6782369	6782403	34	SV_w_38247
Deletion	SL4.0ch12	63921153	63921286	133	SPIMPch12	67459248	67459248	0	SV_w_79665
Deletion	SL4.0ch08	50664852	50664863	11	SPIMPch08	53159607	53159607	0	SV_w_57574
Insertion	SL4.0ch05	1556635	1556635	0	SPIMPch05	1662981	1663036	55	SV_w_37329
Repeat_contraction/DEL	SL4.0ch03	29185595	29185971	376	SPIMPch03	29853531	29853555	24	SV_b_19744a
Deletion	SL4.0ch06	30437970	30446734	8764	SPIMPch06	32512438	32512438	0	SV_w_44272
Insertion	SL4.0ch02	40525683	40525683	0	SPIMPch02	42521569	42521581	12	SV_w_13784
Insertion	SL4.0ch08	22645573	22645573	0	SPIMPch08	25098096	25098106	10	SV_w_55035
Deletion	SL4.0ch01	22515818	22676563	160745	SPIMPch01	26033846	26033853	7	SV_b_17637
Deletion/DEL	SL4.0ch03	462925	485410	22485	SPIMPch03	485225	485236	11	SV_b_19375a
Insertion	SL4.0ch04	46839791	46839791	0	SPIMPch04	49123289	49123299	10	SV_w_26747
Insertion	SL4.0ch04	56495594	56495594	0	SPIMPch04	58965082	58969048	3966	SV_w_30433
Insertion	SL4.0ch11	5703060	5703060	0	SPIMPch11	5631360	5631382	22	SV_w_74867
Insertion	SL4.0ch10	45966984	45966984	0	SPIMPch10	48855696	48855706	10	SV_w_68240
Deletion/Substitution	SL4.0ch06	25957022	25958563	1541	SPIMPch06	23042391	23042405	14	SV_w_85542
Deletion	SL4.0ch04	4744250	4744260	10	SPIMPch04	4892627	4892627	0	SV_w_30060
Insertion	SL4.0ch12	37769350	37769350	0	SPIMPch12	40734619	40734652	33	SV_w_78592
Insertion	SL4.0ch06	30487126	30487126	0	SPIMPch06	32553234	32553287	53	SV_w_42063
Insertion	SL4.0ch06	1448659	1448659	0	SPIMPch06	1501038	1501118	80	SV_w_42355
Insertion	SL4.0ch04	23420776	23420776	0	SPIMPch04	23200607	23200619	12	SV_w_84943
Insertion	SL4.0ch10	11559791	11559791	0	SPIMPch10	11591815	11591840	25	SV_w_66419
Insertion	SL4.0ch05	4399900	4399900	0	SPIMPch05	4563127	4563169	42	SV_w_39071
Insertion	SL4.0ch01	66128354	66128354	0	SPIMPch01	70865837	70865862	25	SV_w_5002
Insertion	SL4.0ch08	11108875	11108875	0	SPIMPch08	13127354	13127385	31	SV_w_53451
Deletion	SL4.0ch10	14257632	14257662	30	SPIMPch10	24193378	24193378	0	SV_w_87725
Deletion	SL4.0ch03	2957008	2957022	14	SPIMPch03	2944229	2944229	0	SV_w_20190
Insertion	SL4.0ch09	63793978	63793978	0	SPIMPch09	66467220	66467246	26	SV_w_64157
Deletion	SL4.0ch04	46870386	46870402	16	SPIMPch04	49153934	49153934	0	SV_w_26750
Insertion	SL4.0ch12	22474116	22474116	0	SPIMPch12	23171443	23171455	12	SV_w_77882
Insertion	SL4.0ch01	83393388	83393388	0	SPIMPch01	88037230	88037283	53	SV_w_3662
Insertion	SL4.0ch09	6286558	6286558	0	SPIMPch09	6557488	6557512	24	SV_w_63194
Insertion	SL4.0ch03	64786422	64786422	0	SPIMPch03	65292941	65292951	10	SV_w_18853
Deletion	SL4.0ch11	12322102	12322129	27	SPIMPch11	12344200	12344200	0	SV_w_71709
Deletion	SL4.0ch06	37329747	37329760	13	SPIMPch06	39418211	39418211	0	SV_w_40669
Deletion	SL4.0ch09	57942184	57946901	4717	SPIMPch09	60677519	60677519	0	SV_w_61957
Deletion	SL4.0ch01	28369335	28369354	19	SPIMPch01	31871844	31871844	0	SV_w_1524
Insertion	SL4.0ch01	82485018	82485018	0	SPIMPch01	87158589	87158604	15	SV_w_4603
Deletion	SL4.0ch08	53420479	53420507	28	SPIMPch08	55969469	55969469	0	SV_w_56765
Insertion	SL4.0ch10	39088301	39088301	0	SPIMPch10	41329220	41330458	1238	SV_w_65551
Deletion	SL4.0ch02	38486249	38486277	28	SPIMPch02	40420968	40420968	0	SV_w_16509
Insertion	SL4.0ch10	44643125	44643125	0	SPIMPch10	48319496	48319521	25	SV_w_88223
Deletion	SL4.0ch08	21227185	21227223	38	SPIMPch08	22805274	22805274	0	SV_w_59237
Insertion	SL4.0ch01	26356585	26356585	0	SPIMPch01	29828630	29828666	36	SV_w_7948
Insertion	SL4.0ch03	52435156	52435156	0	SPIMPch03	52792468	52792491	23	SV_w_22945
Deletion	SL4.0ch05	127434	127461	27	SPIMPch05	217316	217316	0	SV_w_37308
Insertion	SL4.0ch05	61905333	61905333	0	SPIMPch05	63419394	63419408	14	SV_w_36496
Deletion	SL4.0ch07	56603334	56603348	14	SPIMPch07	55923567	55923567	0	SV_w_50881
Insertion	SL4.0ch01	37277551	37277551	0	SPIMPch01	42434132	42434726	594	SV_w_2836
Deletion	SL4.0ch09	41465966	41466032	66	SPIMPch09	43558059	43558059	0	SV_w_59862
Insertion	SL4.0ch03	54511686	54511686	0	SPIMPch03	54939419	54939499	80	SV_w_22180
Insertion	SL4.0ch12	63478263	63478263	0	SPIMPch12	67015728	67015761	33	SV_w_79100
Deletion	SL4.0ch08	53172028	53173474	1446	SPIMPch08	55722678	55722678	0	SV_w_54788
Deletion	SL4.0ch06	3817787	3817821	34	SPIMPch06	4149174	4149174	0	SV_w_39733
Insertion	SL4.0ch11	8164454	8164454	0	SPIMPch11	8082430	8082451	21	SV_w_73195
Deletion	SL4.0ch04	63808176	63808197	21	SPIMPch04	66322453	66322453	0	SV_w_30716
Deletion	SL4.0ch02	39783623	39783659	36	SPIMPch02	41749168	41749168	0	SV_w_15738
Insertion	SL4.0ch01	43512892	43512892	0	SPIMPch01	48876277	48876421	144	SV_w_10028
Tandem_expansion/INS	SL4.0ch02	23118254	23118268	14	SPIMPch02	24428704	24434298	5594	SV_b_18804a
Insertion	SL4.0ch05	58181472	58181472	0	SPIMPch05	59535161	59535199	38	SV_w_35583
Deletion	SL4.0ch03	54566996	54567017	21	SPIMPch03	54994738	54994738	0	SV_w_22192
Insertion	SL4.0ch08	51795707	51795707	0	SPIMPch08	54337782	54338637	855	SV_w_57510
Insertion	SL4.0ch06	46929365	46929365	0	SPIMPch06	49204959	49204969	10	SV_w_43319
Deletion	SL4.0ch01	70806892	70806908	16	SPIMPch01	75505061	75505061	0	SV_w_7981
Insertion	SL4.0ch10	26338170	26338170	0	SPIMPch10	27705655	27705676	21	SV_w_66077
Insertion	SL4.0ch01	59121778	59121778	0	SPIMPch01	63866131	63866574	443	SV_w_645
Deletion	SL4.0ch01	84645892	84645925	33	SPIMPch01	89277273	89277273	0	SV_w_7763
Insertion	SL4.0ch02	7542264	7542264	0	SPIMPch02	8128044	8128063	19	SV_w_12494
Deletion	SL4.0ch05	26553907	26554046	139	SPIMPch05	27461816	27461816	0	SV_w_34047
Deletion	SL4.0ch06	38133794	38133874	80	SPIMPch06	40265792	40265792	0	SV_w_43542
Deletion	SL4.0ch10	31583861	31583889	28	SPIMPch10	33287290	33287290	0	SV_w_65561
Insertion	SL4.0ch03	64760286	64760286	0	SPIMPch03	65249713	65266753	17040	SV_w_25134
Insertion	SL4.0ch08	29339052	29339052	0	SPIMPch08	33447653	33447703	50	SV_w_86495
Deletion	SL4.0ch12	18007963	18008053	90	SPIMPch12	18392096	18392096	0	SV_w_82126
Deletion	SL4.0ch03	29367611	29367627	16	SPIMPch03	30034923	30034923	0	SV_w_20291
Insertion	SL4.0ch06	33186314	33186314	0	SPIMPch06	35158749	35158780	31	SV_w_41398
Insertion	SL4.0ch07	27095098	27095098	0	SPIMPch07	26909768	26909780	12	SV_w_45831
Insertion	SL4.0ch07	66133409	66133409	0	SPIMPch07	65707262	65707287	25	SV_w_51972
Deletion	SL4.0ch04	13162671	13162685	14	SPIMPch04	13441958	13441958	0	SV_w_27179
Insertion	SL4.0ch02	41490465	41490465	0	SPIMPch02	43501659	43501671	12	SV_w_17916
Insertion	SL4.0ch03	14064610	14064610	0	SPIMPch03	14811080	14811115	35	SV_w_24529
Deletion	SL4.0ch08	62836962	62836990	28	SPIMPch08	65557573	65557573	0	SV_w_56620
Deletion	SL4.0ch12	59765411	59765423	12	SPIMPch12	63248471	63248471	0	SV_w_80957
Insertion	SL4.0ch07	38811692	38811692	0	SPIMPch07	38119048	38119061	13	SV_w_51412
Deletion	SL4.0ch09	6839838	6840208	370	SPIMPch09	7089003	7089003	0	SV_w_62631
Insertion	SL4.0ch11	6311385	6311385	0	SPIMPch11	6197017	6197051	34	SV_w_75944
Deletion	SL4.0ch11	54013215	54013388	173	SPIMPch11	55757557	55757557	0	SV_w_74801
Insertion	SL4.0ch10	63411243	63411243	0	SPIMPch10	66644052	66644062	10	SV_w_66706
Deletion	SL4.0ch07	6449231	6449252	21	SPIMPch07	6447090	6447090	0	SV_w_47729
Deletion	SL4.0ch12	674513	674556	43	SPIMPch12	678087	678087	0	SV_w_82165
Insertion	SL4.0ch11	34941332	34941332	0	SPIMPch11	36411553	36411572	19	SV_w_71298
Insertion	SL4.0ch05	28312662	28312662	0	SPIMPch05	29190231	29190389	158	SV_w_36346
Insertion	SL4.0ch02	35120559	35120559	0	SPIMPch02	36997126	36997152	26	SV_w_12181
Insertion	SL4.0ch04	51098248	51098248	0	SPIMPch04	53489388	53489446	58	SV_w_26778
Insertion	SL4.0ch12	64904688	64904688	0	SPIMPch12	68479106	68479128	22	SV_w_81960
Insertion	SL4.0ch11	37215902	37215902	0	SPIMPch11	38799549	38800197	648	SV_w_71325
Deletion	SL4.0ch11	2459972	2460014	42	SPIMPch11	2434395	2434395	0	SV_w_75192
Deletion	SL4.0ch09	6028901	6029121	220	SPIMPch09	6270215	6270215	0	SV_w_64464
Insertion	SL4.0ch08	4074292	4074292	0	SPIMPch08	4172457	4172469	12	SV_w_59781
Deletion	SL4.0ch07	27153377	27153703	326	SPIMPch07	26977728	26977728	0	SV_w_45837
Deletion	SL4.0ch12	12629485	12629672	187	SPIMPch12	12659154	12659154	0	SV_w_77141
Insertion	SL4.0ch06	37916115	37916115	0	SPIMPch06	40042794	40042808	14	SV_w_43987
Insertion	SL4.0ch10	2640078	2640078	0	SPIMPch10	2748212	2748233	21	SV_w_70636
Insertion	SL4.0ch03	58584181	58584181	0	SPIMPch03	59139938	59139948	10	SV_w_23301
Deletion	SL4.0ch11	50257909	50257925	16	SPIMPch11	51993886	51993886	0	SV_w_72713
Insertion	SL4.0ch06	36120592	36120592	0	SPIMPch06	38174723	38174903	180	SV_w_42146
Insertion	SL4.0ch10	48346211	48346211	0	SPIMPch10	51332998	51333022	24	SV_w_67821
Deletion	SL4.0ch01	89534591	89534601	10	SPIMPch01	94162130	94162130	0	SV_w_1910
Deletion	SL4.0ch02	714662	714677	15	SPIMPch02	744558	744558	0	SV_w_11536
Deletion	SL4.0ch10	52239159	52239169	10	SPIMPch10	55278236	55278236	0	SV_w_65969
Insertion/Substitution	SL4.0ch03	15525670	15525685	15	SPIMPch03	16093885	16093916	31	SV_w_23289
Insertion	SL4.0ch01	71854752	71854752	0	SPIMPch01	76550357	76550369	12	SV_w_2332
Deletion	SL4.0ch12	14021601	14021744	143	SPIMPch12	13984677	13984677	0	SV_w_77878
Insertion	SL4.0ch06	31906450	31906450	0	SPIMPch06	33847316	33847327	11	SV_w_41386
Insertion	SL4.0ch02	47928675	47928675	0	SPIMPch02	50141670	50141795	125	SV_w_14787
Insertion	SL4.0ch07	33602337	33602337	0	SPIMPch07	33031488	33031502	14	SV_w_52445
Insertion	SL4.0ch02	44888434	44888434	0	SPIMPch02	46922701	46922715	14	SV_w_12712
Deletion	SL4.0ch09	46467987	46468006	19	SPIMPch09	48985461	48985461	0	SV_w_60775
Insertion	SL4.0ch10	18871991	18871991	0	SPIMPch10	19525279	19525293	14	SV_w_88868
Deletion	SL4.0ch12	62952435	62952445	10	SPIMPch12	66451492	66451492	0	SV_w_80263
Insertion	SL4.0ch07	40605911	40605911	0	SPIMPch07	39991442	39991676	234	SV_w_45234
Insertion	SL4.0ch03	37755611	37755611	0	SPIMPch03	36312929	36312949	20	SV_w_22812
Deletion	SL4.0ch10	8714241	8714358	117	SPIMPch10	8733809	8733809	0	SV_w_66998
Repeat_expansion/INS	SL4.0ch03	1296659	1296720	61	SPIMPch03	1285696	1293498	7802	SV_b_19410a
Insertion	SL4.0ch08	33335305	33335305	0	SPIMPch08	29069783	29069865	82	SV_w_86693
Deletion	SL4.0ch04	59743178	59743274	96	SPIMPch04	62203232	62203232	0	SV_w_29594
Deletion	SL4.0ch04	5167787	5167804	17	SPIMPch04	5389531	5389531	0	SV_w_31100
Deletion	SL4.0ch11	18007916	18008028	112	SPIMPch11	18968320	18968320	0	SV_w_71983
Repeat_expansion/INS	SL4.0ch06	35027013	35027035	22	SPIMPch06	37027911	37028227	316	SV_b_22306a
Insertion	SL4.0ch07	54023472	54023472	0	SPIMPch07	53404690	53405045	355	SV_w_48281
Deletion	SL4.0ch05	58936907	58936962	55	SPIMPch05	60269933	60269933	0	SV_w_39236
Deletion	SL4.0ch12	4780596	4780606	10	SPIMPch12	4849366	4849366	0	SV_w_81237
Deletion	SL4.0ch11	47158711	47158723	12	SPIMPch11	48812696	48812696	0	SV_w_73280
Insertion	SL4.0ch01	56895256	56895256	0	SPIMPch01	61571356	61571407	51	SV_w_1327
Insertion	SL4.0ch05	62994074	62994074	0	SPIMPch05	64553470	64553499	29	SV_w_38072
Insertion	SL4.0ch11	6376958	6376958	0	SPIMPch11	6263019	6263332	313	SV_w_76672
Insertion	SL4.0ch01	35496692	35496692	0	SPIMPch01	40472467	40474741	2274	SV_w_10242
Insertion	SL4.0ch04	62912447	62912447	0	SPIMPch04	65434807	65434820	13	SV_w_27736
Deletion	SL4.0ch10	8461574	8461600	26	SPIMPch10	8475144	8475144	0	SV_w_66136
Deletion	SL4.0ch02	40487320	40487330	10	SPIMPch02	42483193	42483193	0	SV_w_13766
Deletion	SL4.0ch12	35619934	35619946	12	SPIMPch12	30642727	30642727	0	SV_w_80347
Deletion	SL4.0ch02	51157496	51157517	21	SPIMPch02	53376961	53376961	0	SV_w_17704
Insertion	SL4.0ch07	39074761	39074761	0	SPIMPch07	38452559	38452583	24	SV_w_46352
Insertion	SL4.0ch10	30732500	30732500	0	SPIMPch10	32120301	32120336	35	SV_w_65872
Repeat_contraction/DEL	SL4.0ch11	32249394	32249429	35	SPIMPch11	33671474	33671476	2	SV_b_25915a
Deletion	SL4.0ch10	5411043	5411053	10	SPIMPch10	5296509	5296509	0	SV_w_70765
Deletion	SL4.0ch04	61234539	61234553	14	SPIMPch04	63713103	63713103	0	SV_w_27623
Deletion	SL4.0ch02	46991001	46991046	45	SPIMPch02	49204411	49204411	0	SV_w_14078
Deletion	SL4.0ch02	29387425	29387447	22	SPIMPch02	30908880	30908880	0	SV_w_11392
Insertion	SL4.0ch05	26045032	26045032	0	SPIMPch05	26943618	26943636	18	SV_w_35300
Deletion	SL4.0ch02	32609589	32609613	24	SPIMPch02	34504727	34504727	0	SV_w_14844
Deletion	SL4.0ch02	40495929	40495957	28	SPIMPch02	42492310	42492310	0	SV_w_13776
Deletion	SL4.0ch04	64391310	64391340	30	SPIMPch04	66921207	66921207	0	SV_w_28898
Deletion	SL4.0ch08	63928034	63928062	28	SPIMPch08	66621426	66621426	0	SV_w_53620
Deletion	SL4.0ch03	3363863	3363991	128	SPIMPch03	3332526	3332526	0	SV_w_25623
Insertion	SL4.0ch04	53960386	53960386	0	SPIMPch04	56411600	56411623	23	SV_w_29384
Repeat_contraction/DEL	SL4.0ch02	12978594	12980211	1617	SPIMPch02	13972374	13972376	2	SV_b_18709a
Deletion	SL4.0ch08	55641608	55641927	319	SPIMPch08	58214258	58214258	0	SV_w_59721
Insertion	SL4.0ch07	3890012	3890012	0	SPIMPch07	4018262	4018357	95	SV_w_53004
Insertion	SL4.0ch11	9680416	9680416	0	SPIMPch11	9652231	9652248	17	SV_w_76634
Deletion	SL4.0ch08	36603373	36603458	85	SPIMPch08	39344781	39344781	0	SV_w_53263
Insertion	SL4.0ch05	61412113	61412113	0	SPIMPch05	62922251	62922269	18	SV_w_39160
Insertion	SL4.0ch01	18084220	18084220	0	SPIMPch01	11720037	11720058	21	SV_w_83252
Insertion	SL4.0ch12	5169216	5169216	0	SPIMPch12	5263018	5263063	45	SV_w_82289
Insertion	SL4.0ch03	57842744	57842744	0	SPIMPch03	58388607	58388672	65	SV_w_25143
Deletion	SL4.0ch04	12678662	12678687	25	SPIMPch04	12956336	12956336	0	SV_w_26715
Deletion	SL4.0ch12	40060740	40060767	27	SPIMPch12	43842953	43842953	0	SV_w_77451
Insertion	SL4.0ch07	56892672	56892672	0	SPIMPch07	56220530	56220558	28	SV_w_49899
Deletion	SL4.0ch11	48733209	48733228	19	SPIMPch11	50500317	50500317	0	SV_w_76331
Insertion	SL4.0ch08	844420	844420	0	SPIMPch08	874742	874764	22	SV_w_56385
Deletion	SL4.0ch08	1773315	1773341	26	SPIMPch08	1843708	1843708	0	SV_w_56980
Deletion	SL4.0ch03	49643238	49643368	130	SPIMPch03	49945453	49945453	0	SV_w_24442
Deletion	SL4.0ch01	59381230	59381244	14	SPIMPch01	64141545	64141545	0	SV_w_678
Insertion	SL4.0ch02	41508759	41508759	0	SPIMPch02	43519929	43519941	12	SV_w_17919
Insertion	SL4.0ch05	60432854	60432854	0	SPIMPch05	61929884	61929896	12	SV_w_37261
Insertion	SL4.0ch09	67327033	67327033	0	SPIMPch09	70083889	70083928	39	SV_w_64703
Deletion	SL4.0ch04	23610758	23610776	18	SPIMPch04	23017668	23017668	0	SV_w_84706
Deletion	SL4.0ch04	58134527	58134564	37	SPIMPch04	60632491	60632491	0	SV_w_29273
Insertion	SL4.0ch02	10033578	10033578	0	SPIMPch02	10705636	10706405	769	SV_w_15110
Deletion	SL4.0ch01	2683642	2683658	16	SPIMPch01	2832113	2832113	0	SV_w_10917
Insertion	SL4.0ch04	48139548	48139548	0	SPIMPch04	50475783	50475820	37	SV_w_31710
Deletion	SL4.0ch01	86925815	86925860	45	SPIMPch01	91530547	91530547	0	SV_w_6631
Insertion	SL4.0ch02	6770402	6770402	0	SPIMPch02	7331466	7332307	841	SV_w_17750
Insertion	SL4.0ch01	51688076	51688076	0	SPIMPch01	55979778	55979789	11	SV_w_7121
Insertion	SL4.0ch01	28803662	28803662	0	SPIMPch01	32305448	32305476	28	SV_w_3124
Deletion	SL4.0ch10	60538878	60538888	10	SPIMPch10	63834748	63834748	0	SV_w_66850
Deletion	SL4.0ch07	1356506	1356542	36	SPIMPch07	1407278	1407278	0	SV_w_52015
Repeat_contraction/DEL	SL4.0ch02	23269956	23272769	2813	SPIMPch02	24559912	24559977	65	SV_b_18809a
Insertion	SL4.0ch10	59893762	59893762	0	SPIMPch10	63216847	63216863	16	SV_w_67269
Deletion	SL4.0ch01	8985366	8985378	12	SPIMPch01	9719363	9719363	0	SV_w_9675
Deletion	SL4.0ch06	38211397	38211409	12	SPIMPch06	40343286	40343286	0	SV_w_43762
Deletion	SL4.0ch01	17244124	17244138	14	SPIMPch01	12556856	12556856	0	SV_w_83579
Repeat_expansion/INS	SL4.0ch07	62335216	62335216	0	SPIMPch07	61806511	61808356	1845	SV_b_23318a
Deletion	SL4.0ch04	8545238	8545268	30	SPIMPch04	8823109	8823109	0	SV_w_26551
Deletion	SL4.0ch05	8224241	8224350	109	SPIMPch05	8460302	8460302	0	SV_w_37955
Insertion	SL4.0ch08	37435369	37435387	18	SPIMPch08	40184828	40266330	81502	SV_b_23858
Insertion	SL4.0ch03	46664567	46664567	0	SPIMPch03	46995128	46995149	21	SV_w_19971
Deletion	SL4.0ch07	41790828	41790852	24	SPIMPch07	41189108	41189108	0	SV_w_52081
Deletion	SL4.0ch04	59707111	59711057	3946	SPIMPch04	62173545	62173545	0	SV_w_29584
Insertion	SL4.0ch07	7486414	7486414	0	SPIMPch07	7442549	7442564	15	SV_w_45984
Deletion	SL4.0ch08	57988126	57988148	22	SPIMPch08	60656288	60656288	0	SV_w_58023
Insertion	SL4.0ch06	18993978	18993978	0	SPIMPch06	19526514	19526526	12	SV_w_85251
Deletion	SL4.0ch01	40513652	40513671	19	SPIMPch10	26252567	26252567	0	SV_w_93615
Insertion	SL4.0ch08	27985438	27985438	0	SPIMPch08	34776453	34776488	35	SV_w_86604
Insertion	SL4.0ch08	55106355	55106355	0	SPIMPch08	57662992	57663010	18	SV_w_55292
Insertion	SL4.0ch04	63861741	63861741	0	SPIMPch04	66378581	66378596	15	SV_w_31197
Deletion	SL4.0ch02	23368980	23368998	18	SPIMPch02	24659980	24659980	0	SV_w_16095
Deletion	SL4.0ch12	53941607	53941642	35	SPIMPch12	57250929	57250929	0	SV_w_78642
Deletion	SL4.0ch11	13069571	13069607	36	SPIMPch11	13169593	13169593	0	SV_w_72974
Insertion	SL4.0ch01	19880180	19880180	0	SPIMPch01	10449743	10449754	11	SV_w_83524
Deletion	SL4.0ch10	46162911	46164991	2080	SPIMPch10	49074867	49074867	0	SV_w_69179
Insertion	SL4.0ch03	1993924	1993924	0	SPIMPch03	1993673	1993702	29	SV_w_23944
Insertion	SL4.0ch03	21594110	21594110	0	SPIMPch03	22044742	22044756	14	SV_w_20511
Deletion	SL4.0ch04	61123868	61123879	11	SPIMPch04	63602141	63602141	0	SV_w_27590
Insertion	SL4.0ch07	66100781	66100781	0	SPIMPch07	65674600	65674685	85	SV_w_52404
Deletion	SL4.0ch11	50968114	50968127	13	SPIMPch11	52704864	52704864	0	SV_w_76313
Insertion	SL4.0ch12	46022994	46022994	0	SPIMPch12	49284001	49284016	15	SV_w_76943
Insertion	SL4.0ch04	57815023	57815023	0	SPIMPch04	60338908	60338955	47	SV_w_29264
Deletion	SL4.0ch10	946485	946504	19	SPIMPch10	1048924	1048924	0	SV_w_70191
Repeat_expansion/INS	SL4.0ch10	46490218	46490253	35	SPIMPch10	49390580	49399627	9047	SV_b_25280a
Repeat_expansion/INS	SL4.0ch01	70869287	70869299	12	SPIMPch01	75565469	75565722	253	SV_b_18193a
Insertion	SL4.0ch09	62649117	62649117	0	SPIMPch09	65285507	65285572	65	SV_w_64531
Deletion	SL4.0ch04	60477764	60477802	38	SPIMPch04	62948523	62948523	0	SV_w_30210
Insertion	SL4.0ch11	939501	939501	0	SPIMPch11	920898	920912	14	SV_w_73794
Insertion	SL4.0ch01	31224712	31224712	0	SPIMPch01	34874737	34874750	13	SV_w_82673
Deletion	SL4.0ch05	57768684	57768844	160	SPIMPch05	59114104	59114104	0	SV_w_36587
Insertion	SL4.0ch08	39088221	39088221	0	SPIMPch08	42017586	42017598	12	SV_w_57621
Insertion	SL4.0ch09	50584566	50584566	0	SPIMPch09	53193508	53193600	92	SV_w_60628
Deletion	SL4.0ch03	60009956	60010037	81	SPIMPch03	60557299	60557299	0	SV_w_21991
Deletion	SL4.0ch08	16877132	16877146	14	SPIMPch08	18748274	18748274	0	SV_w_53366
Deletion	SL4.0ch06	33802324	33802343	19	SPIMPch06	35823697	35823697	0	SV_w_41841
Deletion	SL4.0ch06	46899878	46899888	10	SPIMPch06	49175522	49175522	0	SV_w_43310
Insertion	SL4.0ch08	27043798	27043798	0	SPIMPch08	35719290	35719308	18	SV_w_86565
Deletion	SL4.0ch12	25732946	25732965	19	SPIMPch12	26932172	26932172	0	SV_w_76893
Insertion	SL4.0ch01	87624551	87624551	0	SPIMPch01	92236889	92236942	53	SV_w_9426
Deletion	SL4.0ch02	37413142	37413156	14	SPIMPch02	39347383	39347383	0	SV_w_12824
Insertion	SL4.0ch03	65081791	65081791	0	SPIMPch03	65604060	65604268	208	SV_w_18905
Insertion	SL4.0ch08	48128647	48128647	0	SPIMPch08	50512071	50512314	243	SV_w_57043
Insertion	SL4.0ch11	5958355	5958355	0	SPIMPch11	5848175	5848206	31	SV_w_75988
Insertion	SL4.0ch08	2310479	2310479	0	SPIMPch08	2365694	2365725	31	SV_w_59739
Insertion	SL4.0ch06	1265175	1265175	0	SPIMPch06	1317761	1317775	14	SV_w_44368
Deletion	SL4.0ch01	86537343	86537361	18	SPIMPch01	91139533	91139533	0	SV_w_3295
Deletion	SL4.0ch09	2232265	2232275	10	SPIMPch09	2206362	2206362	0	SV_w_65004
Deletion	SL4.0ch08	599437	599448	11	SPIMPch08	630253	630253	0	SV_w_59507
Deletion	SL4.0ch02	9763119	9763129	10	SPIMPch02	10401816	10401816	0	SV_w_12203
Deletion	SL4.0ch09	44419993	44420005	12	SPIMPch09	47803886	47803886	0	SV_w_87018
Deletion	SL4.0ch01	86922817	86922887	70	SPIMPch01	91527632	91527632	0	SV_w_6629
Deletion	SL4.0ch02	4137720	4137744	24	SPIMPch02	4339843	4339843	0	SV_w_12000
Insertion	SL4.0ch02	7575247	7575247	0	SPIMPch02	8161071	8161139	68	SV_w_12497
Deletion	SL4.0ch04	2844368	2844381	13	SPIMPch04	2834064	2834064	0	SV_w_29230
Insertion	SL4.0ch04	26434556	26434556	0	SPIMPch04	27837029	27837041	12	SV_w_28421
Insertion	SL4.0ch10	21116360	21116360	0	SPIMPch10	17297195	17297247	52	SV_w_88598
Deletion	SL4.0ch02	19685312	19685344	32	SPIMPch02	21150182	21150182	0	SV_w_11467
Insertion	SL4.0ch06	17738449	17738449	0	SPIMPch06	19231844	19231868	24	SV_w_40159
Insertion	SL4.0ch10	57418289	57418289	0	SPIMPch10	60784052	60784182	130	SV_w_70101
Deletion	SL4.0ch08	58234062	58234072	10	SPIMPch08	60902775	60902775	0	SV_w_55609
Insertion	SL4.0ch11	19073560	19073560	0	SPIMPch11	20695440	20695454	14	SV_w_72372
Insertion	SL4.0ch01	42286637	42286637	0	SPIMPch01	47941612	47941642	30	SV_w_4700
Deletion	SL4.0ch05	45355331	45355343	12	SPIMPch05	46827530	46827530	0	SV_w_35172
Deletion	SL4.0ch01	88981540	88981555	15	SPIMPch01	93618644	93618644	0	SV_w_8184
Deletion	SL4.0ch12	66609465	66609518	53	SPIMPch12	70179445	70179445	0	SV_w_79455
Insertion	SL4.0ch04	2859817	2859817	0	SPIMPch04	2849547	2849562	15	SV_w_29234
Insertion	SL4.0ch09	63947201	63947201	0	SPIMPch09	66637561	66637572	11	SV_w_63424
Insertion	SL4.0ch04	13566280	13566280	0	SPIMPch04	13843779	13843955	176	SV_w_28624
Deletion	SL4.0ch04	24500819	24500833	14	SPIMPch04	22181362	22181362	0	SV_w_84920
Insertion	SL4.0ch03	53834744	53834744	0	SPIMPch03	54178183	54178199	16	SV_w_22701
Insertion	SL4.0ch02	9094651	9094651	0	SPIMPch02	9643021	9643070	49	SV_w_13924
Insertion	SL4.0ch10	23879641	23879641	0	SPIMPch10	14111067	14111165	98	SV_w_87835
Deletion	SL4.0ch03	38404458	38404469	11	SPIMPch03	35233453	35233453	0	SV_w_84321
Deletion	SL4.0ch04	21153130	21153148	18	SPIMPch04	25360878	25360878	0	SV_w_84852
Deletion	SL4.0ch10	59929710	59929727	17	SPIMPch10	63247991	63247991	0	SV_w_67277
Insertion	SL4.0ch02	37017665	37017665	0	SPIMPch02	38880328	38880340	12	SV_w_17843
Deletion	SL4.0ch07	4143144	4143161	17	SPIMPch07	4270771	4270771	0	SV_w_48863
Deletion	SL4.0ch12	24508462	24508481	19	SPIMPch12	25653872	25653872	0	SV_w_80930
Deletion	SL4.0ch12	59004255	59004266	11	SPIMPch12	62302251	62302251	0	SV_w_81254
Insertion	SL4.0ch01	61782157	61782157	0	SPIMPch01	66481168	66481181	13	SV_w_1636
Insertion	SL4.0ch06	29010427	29010427	0	SPIMPch06	31091236	31095372	4136	SV_w_40427
Deletion	SL4.0ch01	24795685	24795700	15	SPIMPch01	28184787	28184787	0	SV_w_269
Insertion	SL4.0ch03	35111292	35111292	0	SPIMPch03	38697050	38697069	19	SV_w_84406
Insertion	SL4.0ch12	57554678	57554678	0	SPIMPch12	61072386	61072407	21	SV_w_79124
Deletion	SL4.0ch08	43392037	43392063	26	SPIMPch08	45809710	45809710	0	SV_w_54128
Deletion	SL4.0ch04	1781998	1782036	38	SPIMPch04	1751765	1751765	0	SV_w_32830
Insertion	SL4.0ch07	6903079	6903079	0	SPIMPch07	6860589	6860601	12	SV_w_52655
Deletion	SL4.0ch07	22892846	22893132	286	SPIMPch07	22930661	22930661	0	SV_w_48772
Repeat_expansion/INS	SL4.0ch01	33832671	33832671	0	SPIMPch01	37628800	37632345	3545	SV_b_17749a
Deletion	SL4.0ch10	12737243	12737256	13	SPIMPch10	23316535	23316535	0	SV_w_93685
Deletion	SL4.0ch02	19734629	19734653	24	SPIMPch02	21193995	21193995	0	SV_w_11478
Insertion	SL4.0ch08	62955138	62955138	0	SPIMPch08	65675320	65675331	11	SV_w_54372
Deletion	SL4.0ch08	54591145	54591164	19	SPIMPch08	57159447	57159447	0	SV_w_58128
Insertion	SL4.0ch02	27984395	27984395	0	SPIMPch02	29372823	29372833	10	SV_w_11331
Insertion	SL4.0ch02	31647902	31647902	0	SPIMPch02	33464528	33464539	11	SV_w_16749
Insertion	SL4.0ch10	696740	696740	0	SPIMPch10	796805	796819	14	SV_w_69770
Deletion	SL4.0ch04	61322714	61322736	22	SPIMPch04	63797526	63797526	0	SV_w_33385
Deletion	SL4.0ch11	53566125	53566137	12	SPIMPch11	55315128	55315128	0	SV_w_75578
Insertion	SL4.0ch10	64562135	64562135	0	SPIMPch10	67780205	67780217	12	SV_w_69903
Deletion	SL4.0ch10	60869946	60869958	12	SPIMPch10	64168142	64168142	0	SV_w_68012
Deletion	SL4.0ch08	58087210	58087266	56	SPIMPch08	60757750	60757750	0	SV_w_59105
Insertion	SL4.0ch01	77844650	77844650	0	SPIMPch01	82498955	82499358	403	SV_w_2258
Deletion	SL4.0ch06	46485575	46485676	101	SPIMPch06	48761816	48761816	0	SV_w_39921
Deletion	SL4.0ch01	47463740	47463774	34	SPIMPch01	51860200	51860200	0	SV_w_10519
Deletion	SL4.0ch03	4751792	4751804	12	SPIMPch03	4843787	4843787	0	SV_w_22082
Insertion	SL4.0ch06	37950553	37950553	0	SPIMPch06	40073310	40073330	20	SV_w_43993
Insertion	SL4.0ch07	47967891	47967891	0	SPIMPch07	47266702	47266717	15	SV_w_46466
Insertion	SL4.0ch07	42020766	42020766	0	SPIMPch07	42049391	42049502	111	SV_w_86195
Deletion	SL4.0ch09	59974216	59974630	414	SPIMPch09	62682165	62682165	0	SV_w_62464
Repeat_expansion/INS	SL4.0ch01	9715334	9715335	1	SPIMPch01	23427532	23434364	6832	SV_b_17429a
Insertion	SL4.0ch12	64272742	64272742	0	SPIMPch12	67823931	67823941	10	SV_w_81931
Insertion	SL4.0ch01	12130514	12130514	0	SPIMPch01	19450080	19450101	21	SV_w_6175
Deletion	SL4.0ch12	1198630	1198648	18	SPIMPch12	1203395	1203395	0	SV_w_80140
Deletion	SL4.0ch07	53655732	53655753	21	SPIMPch07	53039887	53039887	0	SV_w_47891
Deletion	SL4.0ch06	40121678	40121689	11	SPIMPch06	42318314	42318314	0	SV_w_44304
Deletion	SL4.0ch10	61936982	61936994	12	SPIMPch10	65224487	65224487	0	SV_w_68930
Deletion	SL4.0ch07	41697318	41697489	171	SPIMPch07	41079135	41079135	0	SV_w_52894
Insertion	SL4.0ch08	63828034	63828034	0	SPIMPch08	66522540	66522552	12	SV_w_53603
Insertion	SL4.0ch12	40735463	40735463	0	SPIMPch12	42746214	42746229	15	SV_w_78188
Deletion	SL4.0ch10	43622415	43622489	74	SPIMPch10	46424076	46424076	0	SV_w_68797
Deletion	SL4.0ch08	50332018	50332049	31	SPIMPch08	52803779	52803779	0	SV_w_57810
Deletion	SL4.0ch01	42601790	42601807	17	SPIMPch01	48117370	48117370	0	SV_w_9182
Insertion	SL4.0ch07	54550469	54550469	0	SPIMPch07	53924141	53924152	11	SV_w_49562
Insertion	SL4.0ch10	2286107	2286107	0	SPIMPch10	2396087	2396100	13	SV_w_70419
Deletion	SL4.0ch05	30553044	30553054	10	SPIMPch05	31487053	31487053	0	SV_w_35263
Deletion	SL4.0ch02	19885447	19885463	16	SPIMPch02	21345197	21345197	0	SV_w_15877
Deletion	SL4.0ch06	46769490	46769503	13	SPIMPch06	49045229	49045229	0	SV_w_39968
Insertion	SL4.0ch01	48543329	48543329	0	SPIMPch01	52896963	52906459	9496	SV_w_9496
Deletion	SL4.0ch06	7779402	7779448	46	SPIMPch06	8144079	8144079	0	SV_w_40217
Deletion	SL4.0ch01	25018885	25018907	22	SPIMPch01	28427299	28427299	0	SV_w_6
Repeat_contraction/DEL	SL4.0ch08	1975822	1976139	317	SPIMPch08	2041287	2041341	54	SV_b_23532a
Insertion/Substitution	SL4.0ch06	43151688	43151691	3	SPIMPch06	45381583	45381649	66	SV_w_40377
Insertion	SL4.0ch07	7645390	7645390	0	SPIMPch07	7607136	7607148	12	SV_w_46004
Tandem_contraction/DEL	SL4.0ch06	37125295	37129425	4130	SPIMPch06	39220276	39220288	12	SV_b_22364a
Deletion	SL4.0ch08	61082650	61082663	13	SPIMPch08	63772092	63772092	0	SV_w_58800
Repeat_expansion/INS	SL4.0ch12	1194193	1194181	-12	SPIMPch12	1198248	1198435	187	SV_b_26243a
Insertion	SL4.0ch03	25565183	25565183	0	SPIMPch03	25961840	25961864	24	SV_w_22887
Deletion	SL4.0ch04	6972218	6972232	14	SPIMPch04	7299204	7299204	0	SV_w_29086
Insertion	SL4.0ch05	4556483	4556483	0	SPIMPch05	4721013	4721595	582	SV_w_36524
Insertion	SL4.0ch04	24474481	24474481	0	SPIMPch04	22202240	22202252	12	SV_w_84699
Repeat_expansion/INS	SL4.0ch02	39024229	39024238	9	SPIMPch02	40977239	40977280	41	SV_b_19097a
Deletion	SL4.0ch11	49629087	49629328	241	SPIMPch11	51373455	51373455	0	SV_w_76135
Deletion	SL4.0ch02	40777954	40777995	41	SPIMPch02	42775534	42775534	0	SV_w_13287
Insertion	SL4.0ch11	53005551	53005551	0	SPIMPch11	54741194	54744422	3228	SV_w_76196
Deletion	SL4.0ch07	37844019	37844039	20	SPIMPch07	37145959	37145959	0	SV_w_47197
Deletion	SL4.0ch03	1112320	1112346	26	SPIMPch03	1101026	1101026	0	SV_w_24777
Insertion	SL4.0ch03	4488434	4488434	0	SPIMPch03	4571629	4571652	23	SV_w_20934
Insertion	SL4.0ch02	32693632	32693632	0	SPIMPch02	34571349	34571359	10	SV_w_17077
Deletion	SL4.0ch04	15091649	15091659	10	SPIMPch04	16390291	16390291	0	SV_w_26306
Insertion	SL4.0ch12	613883	613883	0	SPIMPch12	617248	617264	16	SV_w_81857
Insertion	SL4.0ch01	53746193	53746193	0	SPIMPch01	58014527	58014538	11	SV_w_3521
Deletion	SL4.0ch12	63122981	63123001	20	SPIMPch12	66617817	66617817	0	SV_w_81790
Insertion	SL4.0ch04	3789271	3789271	0	SPIMPch04	3824238	3825146	908	SV_w_33207
Insertion	SL4.0ch12	3609247	3609247	0	SPIMPch12	3555647	3555664	17	SV_w_81898
Deletion	SL4.0ch07	60794049	60794063	14	SPIMPch07	60293170	60293170	0	SV_w_52693
Insertion	SL4.0ch05	41656255	41656255	0	SPIMPch05	43397979	43405717	7738	SV_w_34673
Deletion	SL4.0ch09	60887595	60887606	11	SPIMPch09	63595433	63595433	0	SV_w_63088
Insertion	SL4.0ch04	43933183	43933183	0	SPIMPch04	46126392	46126416	24	SV_w_29095
Repeat_expansion/INS	SL4.0ch02	35530146	35530151	5	SPIMPch02	37413782	37413832	50	SV_b_19002a
Insertion	SL4.0ch09	54195498	54195498	0	SPIMPch09	56729580	56729594	14	SV_w_61340
Insertion	SL4.0ch04	37866289	37866289	0	SPIMPch04	39811396	39811428	32	SV_w_32016
Insertion	SL4.0ch07	57120383	57120383	0	SPIMPch07	56441933	56441971	38	SV_w_49182
Deletion	SL4.0ch02	19176474	19176524	50	SPIMPch02	20644670	20644670	0	SV_w_15905
Insertion	SL4.0ch06	35492996	35492996	0	SPIMPch06	37531133	37531655	522	SV_w_41791
Deletion	SL4.0ch05	61102942	61102956	14	SPIMPch05	62604169	62604169	0	SV_w_36657
Deletion	SL4.0ch07	40256167	40257098	931	SPIMPch07	39656709	39656709	0	SV_w_45206
Deletion	SL4.0ch02	33929759	33929769	10	SPIMPch02	35822667	35822667	0	SV_w_16148
Deletion/Substitution	SL4.0ch09	60919742	60919835	93	SPIMPch09	63635370	63635376	6	SV_w_62645
Insertion	SL4.0ch12	5812133	5812133	0	SPIMPch12	5883832	5883844	12	SV_w_82091
Insertion	SL4.0ch04	22939135	22939135	0	SPIMPch04	23701536	23701554	18	SV_w_84757
Deletion	SL4.0ch02	34795539	34795558	19	SPIMPch02	36679142	36679142	0	SV_w_15317
Deletion	SL4.0ch08	49030660	49030679	19	SPIMPch08	51374337	51374337	0	SV_w_53842
Insertion	SL4.0ch01	23605396	23605396	0	SPIMPch01	26975762	26975800	38	SV_w_9565
Insertion	SL4.0ch12	9963346	9963346	0	SPIMPch12	10015551	10015575	24	SV_w_78298
Insertion	SL4.0ch04	62309845	62309845	0	SPIMPch04	64777390	64777400	10	SV_w_33539
Deletion	SL4.0ch04	10064847	10064866	19	SPIMPch04	10344783	10344783	0	SV_w_32108
Insertion	SL4.0ch04	575522	575522	0	SPIMPch04	548480	548490	10	SV_w_31931
Deletion	SL4.0ch11	46613436	46613448	12	SPIMPch11	48270952	48270952	0	SV_w_74298
Repeat_contraction/DEL	SL4.0ch01	74080564	74080604	40	SPIMPch01	78745841	78745857	16	SV_b_18275a
Deletion	SL4.0ch08	38058695	38058711	16	SPIMPch08	40891817	40891817	0	SV_w_57855
Deletion	SL4.0ch04	61049236	61049851	615	SPIMPch04	63516579	63516579	0	SV_w_27569
Deletion	SL4.0ch05	7969657	7969713	56	SPIMPch05	8205887	8205887	0	SV_w_39451
Insertion	SL4.0ch05	3863795	3863795	0	SPIMPch05	4023249	4023384	135	SV_w_38646
Deletion	SL4.0ch05	64666612	64666622	10	SPIMPch05	66247840	66247840	0	SV_w_39273
Deletion	SL4.0ch10	50782648	50782667	19	SPIMPch10	53842849	53842849	0	SV_w_68612
Insertion	SL4.0ch09	33024346	33024346	0	SPIMPch09	35017169	35017239	70	SV_w_61693
Deletion	SL4.0ch01	85467126	85467138	12	SPIMPch01	90104143	90104143	0	SV_w_101
Deletion	SL4.0ch12	58133464	58133503	39	SPIMPch12	61635352	61635352	0	SV_w_80723
Deletion	SL4.0ch01	75793584	75793605	21	SPIMPch01	80446643	80446643	0	SV_w_3582
Insertion	SL4.0ch03	32983466	32983466	0	SPIMPch03	33747419	33747478	59	SV_w_18406
Deletion	SL4.0ch06	39846444	39846457	13	SPIMPch06	42037254	42037254	0	SV_w_41017
Insertion	SL4.0ch11	33243441	33243441	0	SPIMPch11	34666642	34666686	44	SV_w_71169
Deletion	SL4.0ch02	47564104	47564524	420	SPIMPch02	49828104	49828104	0	SV_w_15411
Deletion	SL4.0ch08	10432920	10432938	18	SPIMPch08	12434133	12434133	0	SV_w_55003
Deletion	SL4.0ch10	4825727	4825743	16	SPIMPch10	4712143	4712143	0	SV_w_70040
Deletion	SL4.0ch02	50817535	50817546	11	SPIMPch02	53040194	53040194	0	SV_w_18008
Deletion	SL4.0ch03	54402861	54408379	5518	SPIMPch03	54812626	54812626	0	SV_w_25795
Insertion	SL4.0ch08	21458762	21458762	0	SPIMPch08	23042435	23042477	42	SV_w_54501
Deletion	SL4.0ch06	7266535	7274987	8452	SPIMPch06	7641507	7641507	0	SV_w_39782
Deletion	SL4.0ch11	9801468	9801518	50	SPIMPch11	9787837	9787837	0	SV_w_74895
Deletion	SL4.0ch08	40733969	40733981	12	SPIMPch08	43321896	43321896	0	SV_w_55635
Deletion	SL4.0ch08	29730498	29730509	11	SPIMPch08	33055554	33055554	0	SV_w_86365
Deletion	SL4.0ch01	30997916	30997927	11	SPIMPch01	34530652	34530652	0	SV_w_1779
Insertion	SL4.0ch08	21942890	21942890	0	SPIMPch08	23787929	23787965	36	SV_w_55228
Deletion	SL4.0ch06	27909629	27909644	15	SPIMPch06	20954400	20954400	0	SV_w_85882
Insertion	SL4.0ch09	65843551	65843551	0	SPIMPch09	68590935	68591018	83	SV_w_62195
Insertion	SL4.0ch02	50823170	50823170	0	SPIMPch02	53045774	53045845	71	SV_w_18128
Insertion	SL4.0ch07	64526165	64526165	0	SPIMPch07	64033696	64033707	11	SV_w_51646
Insertion	SL4.0ch04	56270625	56270625	0	SPIMPch04	58723172	58723203	31	SV_w_29336
Deletion	SL4.0ch01	76518675	76518709	34	SPIMPch01	81171295	81171295	0	SV_w_7016
Insertion	SL4.0ch06	39129472	39129472	0	SPIMPch06	41309444	41309457	13	SV_w_44331
Insertion	SL4.0ch12	4381121	4381121	0	SPIMPch12	4464869	4464930	61	SV_w_82479
Deletion	SL4.0ch03	31300319	31301170	851	SPIMPch03	32053319	32053319	0	SV_w_20889
Deletion	SL4.0ch05	64320554	64321314	760	SPIMPch05	65911077	65911077	0	SV_w_37548
Deletion	SL4.0ch01	3389327	3389341	14	SPIMPch01	3541166	3541166	0	SV_w_10956
Deletion	SL4.0ch01	77623980	77623991	11	SPIMPch01	82271342	82271342	0	SV_w_1557
Insertion	SL4.0ch05	5148424	5148424	0	SPIMPch05	5426542	5426553	11	SV_w_39228
Insertion	SL4.0ch04	40906052	40906052	0	SPIMPch04	42989845	42989866	21	SV_w_26207
Deletion	SL4.0ch03	862467	862495	28	SPIMPch03	875639	875639	0	SV_w_25945
Deletion	SL4.0ch09	13514682	13514716	34	SPIMPch09	13771519	13771519	0	SV_w_64148
Deletion	SL4.0ch03	53109557	53109572	15	SPIMPch03	53438869	53438869	0	SV_w_18648
Insertion/Substitution	SL4.0ch04	19108861	19108881	20	SPIMPch04	20549805	20549834	29	SV_w_32986
Insertion	SL4.0ch07	65361306	65361306	0	SPIMPch07	64898594	64898612	18	SV_w_49868
Insertion	SL4.0ch09	43031253	43031253	0	SPIMPch09	45115708	45115942	234	SV_w_60508
Insertion	SL4.0ch01	89310671	89310671	0	SPIMPch01	93954767	93954780	13	SV_w_9303
Insertion	SL4.0ch12	9108840	9108840	0	SPIMPch12	9163989	9164024	35	SV_w_77294
Insertion	SL4.0ch04	54157957	54157957	0	SPIMPch04	56637639	56637723	84	SV_w_32870
Insertion	SL4.0ch01	17275636	17275636	0	SPIMPch01	12434818	12434846	28	SV_w_9879
Deletion	SL4.0ch07	67128916	67128929	13	SPIMPch07	66700431	66700431	0	SV_w_52679
Deletion	SL4.0ch06	42390182	42390217	35	SPIMPch06	44611065	44611065	0	SV_w_43630
Deletion	SL4.0ch04	44302764	44302793	29	SPIMPch04	46560183	46560183	0	SV_w_30558
Deletion	SL4.0ch04	48450443	48450458	15	SPIMPch04	50803479	50803479	0	SV_w_28566
Deletion	SL4.0ch10	30715908	30716576	668	SPIMPch10	32104332	32104332	0	SV_w_65870
Deletion	SL4.0ch12	6678532	6678543	11	SPIMPch12	6734210	6734210	0	SV_w_81406
Repeat_expansion/INS	SL4.0ch07	53339701	53339711	10	SPIMPch07	52727226	52735915	8689	SV_b_23126a
Deletion	SL4.0ch03	746639	746655	16	SPIMPch03	772107	772107	0	SV_w_25759
Deletion	SL4.0ch12	2095655	2095699	44	SPIMPch12	2063887	2063887	0	SV_w_81916
Insertion	SL4.0ch03	10830482	10830482	0	SPIMPch03	11512215	11512286	71	SV_w_20613
Deletion	SL4.0ch01	60823432	60823463	31	SPIMPch01	65624599	65624599	0	SV_w_8126
Deletion	SL4.0ch02	29308070	29308081	11	SPIMPch02	30829443	30829443	0	SV_w_11376
Deletion	SL4.0ch03	62537314	62537327	13	SPIMPch03	63052939	63052939	0	SV_w_21830
Insertion	SL4.0ch11	9647484	9647484	0	SPIMPch11	9622990	9623002	12	SV_w_74736
Insertion	SL4.0ch10	2990927	2990927	0	SPIMPch10	3099139	3099151	12	SV_w_69438
Deletion	SL4.0ch02	45717311	45717721	410	SPIMPch02	47923674	47923674	0	SV_w_16736
Insertion	SL4.0ch01	13471884	13471884	0	SPIMPch01	16418346	16420093	1747	SV_w_83248
Deletion	SL4.0ch02	36603121	36603135	14	SPIMPch02	38474134	38474134	0	SV_w_18082
Insertion	SL4.0ch07	14390951	14390951	0	SPIMPch07	14282948	14282973	25	SV_w_86073
Insertion	SL4.0ch01	72857353	72857353	0	SPIMPch01	77542172	77542184	12	SV_w_8215
Deletion	SL4.0ch01	94471	94481	10	SPIMPch01	122167	122167	0	SV_w_5215
Insertion	SL4.0ch07	16340043	16340043	0	SPIMPch07	16759828	16759915	87	SV_w_49684
Deletion	SL4.0ch12	37977377	37977391	14	SPIMPch12	40935135	40935135	0	SV_w_77934
Insertion	SL4.0ch04	49924613	49924613	0	SPIMPch04	52345712	52345723	11	SV_w_27365
Insertion	SL4.0ch09	8194326	8194326	0	SPIMPch09	8477006	8477018	12	SV_w_60434
Deletion	SL4.0ch09	66482348	66482365	17	SPIMPch09	69239225	69239225	0	SV_w_62833
Deletion	SL4.0ch08	54387034	54387046	12	SPIMPch08	56944317	56944317	0	SV_w_57109
Insertion	SL4.0ch02	35360028	35360028	0	SPIMPch02	37241154	37241200	46	SV_w_13483
Deletion	SL4.0ch11	48708728	48708926	198	SPIMPch11	50479322	50479322	0	SV_w_76632
Deletion	SL4.0ch02	15453595	15453611	16	SPIMPch02	16510686	16510686	0	SV_w_12126
Insertion	SL4.0ch04	61461074	61461074	0	SPIMPch04	63936761	63936771	10	SV_w_31363
Insertion	SL4.0ch05	62053474	62053474	0	SPIMPch05	63608367	63608770	403	SV_w_38602
Deletion	SL4.0ch06	37873652	37873665	13	SPIMPch06	40000076	40000076	0	SV_w_44115
Deletion	SL4.0ch11	11688891	11688903	12	SPIMPch11	11724765	11724765	0	SV_w_72108
Deletion	SL4.0ch08	8777084	8777096	12	SPIMPch08	8826501	8826501	0	SV_w_54903
Insertion	SL4.0ch01	82243590	82243590	0	SPIMPch01	86916647	86916666	19	SV_w_1371
Deletion	SL4.0ch10	45686563	45695473	8910	SPIMPch10	47107960	47107960	0	SV_w_88805
Deletion	SL4.0ch05	31091546	31091568	22	SPIMPch05	32034506	32034506	0	SV_w_34527
Insertion	SL4.0ch07	53203831	53203831	0	SPIMPch07	52591403	52591458	55	SV_w_48390
Insertion	SL4.0ch03	2967928	2967928	0	SPIMPch03	2955131	2955839	708	SV_w_20191
Insertion	SL4.0ch01	90020577	90020577	0	SPIMPch01	94639248	94639270	22	SV_w_4125
Insertion	SL4.0ch01	16856006	16856006	0	SPIMPch01	12945594	12945612	18	SV_w_83283
Deletion	SL4.0ch03	13850937	13851290	353	SPIMPch03	14574520	14574520	0	SV_w_22841
Deletion	SL4.0ch06	6985119	6985142	23	SPIMPch06	7337213	7337213	0	SV_w_40865
Repeat_contraction/DEL	SL4.0ch11	41644344	41644931	587	SPIMPch11	43133001	43133049	48	SV_b_25951a
Insertion	SL4.0ch07	2019551	2019551	0	SPIMPch07	2060412	2060423	11	SV_w_52530
Insertion	SL4.0ch01	60065923	60065923	0	SPIMPch01	64809895	64809933	38	SV_w_3943
Insertion	SL4.0ch07	5340666	5340666	0	SPIMPch07	5366695	5366729	34	SV_w_48143
Insertion	SL4.0ch07	41670251	41670251	0	SPIMPch07	41044704	41044717	13	SV_w_51494
Insertion	SL4.0ch01	66936043	66936043	0	SPIMPch01	71673961	71674190	229	SV_w_1145
Repeat_contraction/DEL	SL4.0ch07	55987765	56004226	16461	SPIMPch07	55311089	55311089	0	SV_b_23167a
Insertion	SL4.0ch11	44430025	44430025	0	SPIMPch11	46996204	46996226	22	SV_w_88911
Deletion	SL4.0ch11	17956905	17956917	12	SPIMPch11	18921675	18921675	0	SV_w_71980
Insertion	SL4.0ch10	43986829	43986829	0	SPIMPch10	46823614	46832544	8930	SV_w_88697
Insertion	SL4.0ch11	18864732	18864732	0	SPIMPch11	20490269	20490293	24	SV_w_75617
Insertion	SL4.0ch05	22284433	22284433	0	SPIMPch05	23215285	23215299	14	SV_w_35360
Deletion	SL4.0ch01	30695511	30695525	14	SPIMPch01	34216826	34216826	0	SV_w_3095
Deletion	SL4.0ch06	41487441	41487463	22	SPIMPch06	43657312	43657312	0	SV_w_40711
Deletion	SL4.0ch01	53090684	53090705	21	SPIMPch01	57358198	57358198	0	SV_w_6679
Deletion	SL4.0ch08	21676866	21676885	19	SPIMPch08	23255620	23255620	0	SV_w_58938
Insertion	SL4.0ch12	7745681	7745681	0	SPIMPch12	7798534	7798894	360	SV_w_77397
Insertion	SL4.0ch05	13604467	13604467	0	SPIMPch05	13970753	13970768	15	SV_w_34460
Insertion	SL4.0ch04	61036096	61036096	0	SPIMPch04	63503412	63503435	23	SV_w_27567
Deletion	SL4.0ch07	44602539	44602553	14	SPIMPch07	43958196	43958196	0	SV_w_47289
Insertion	SL4.0ch01	85403072	85403072	0	SPIMPch01	90039760	90039779	19	SV_w_91
Insertion	SL4.0ch03	37270153	37270153	0	SPIMPch03	35828878	35828888	10	SV_w_21078
Insertion	SL4.0ch01	78843081	78843081	0	SPIMPch01	83497703	83497775	72	SV_w_4890
Deletion	SL4.0ch03	33400755	33400769	14	SPIMPch03	34173429	34173429	0	SV_w_18451
Deletion	SL4.0ch01	2192171	2192314	143	SPIMPch01	2294470	2294470	0	SV_w_4182
Insertion	SL4.0ch02	29629049	29629049	0	SPIMPch02	31146397	31146435	38	SV_w_16859
Insertion	SL4.0ch10	1689133	1689133	0	SPIMPch10	1793731	1793778	47	SV_w_68109
Deletion	SL4.0ch04	613702	613714	12	SPIMPch04	586749	586749	0	SV_w_31938
Insertion	SL4.0ch03	43814332	43814332	0	SPIMPch03	43911697	43911734	37	SV_w_22148
Insertion	SL4.0ch10	61571965	61571965	0	SPIMPch10	64864930	64864954	24	SV_w_68962
Insertion	SL4.0ch09	66492009	66492009	0	SPIMPch09	69248844	69248856	12	SV_w_62836
Insertion	SL4.0ch03	62641407	62641407	0	SPIMPch03	63159831	63159843	12	SV_w_23643
Deletion	SL4.0ch08	57861424	57861435	11	SPIMPch08	60506797	60506797	0	SV_w_59156
Deletion	SL4.0ch07	43863525	43863549	24	SPIMPch07	43309835	43309835	0	SV_w_51276
Repeat_contraction/DEL	SL4.0ch07	65570671	65570852	181	SPIMPch07	65135597	65135678	81	SV_b_23412a
Deletion	SL4.0ch03	19129752	19129764	12	SPIMPch03	19580654	19580654	0	SV_w_21670
Deletion	SL4.0ch10	58698878	58698920	42	SPIMPch10	62039279	62039279	0	SV_w_70238
Insertion	SL4.0ch09	65333909	65333909	0	SPIMPch09	68061444	68061468	24	SV_w_63779
Insertion/Substitution	SL4.0ch10	4991853	4991861	8	SPIMPch10	4884258	4884389	131	SV_w_66594
Insertion	SL4.0ch11	5481760	5481760	0	SPIMPch11	5404892	5404902	10	SV_w_75926
Deletion	SL4.0ch11	24920334	24920390	56	SPIMPch11	26190559	26190559	0	SV_w_72469
Insertion	SL4.0ch04	5496848	5496848	0	SPIMPch04	5771559	5771582	23	SV_w_32917
Insertion	SL4.0ch11	46455819	46455819	0	SPIMPch11	48116005	48116040	35	SV_w_72508
Insertion	SL4.0ch03	63180834	63180834	0	SPIMPch03	63673719	63673853	134	SV_w_20914
Deletion	SL4.0ch07	1778538	1778554	16	SPIMPch07	1825646	1825646	0	SV_w_52570
Insertion	SL4.0ch03	60040233	60040233	0	SPIMPch03	60587671	60587682	11	SV_w_23482
Deletion	SL4.0ch05	61342199	61342210	11	SPIMPch05	62846694	62846694	0	SV_w_39471
Deletion	SL4.0ch09	34550884	34550954	70	SPIMPch09	24801250	24801250	0	SV_w_91855
Deletion	SL4.0ch08	44950205	44950221	16	SPIMPch08	47370489	47370489	0	SV_w_56875
Insertion	SL4.0ch04	53973242	53973242	0	SPIMPch04	56424420	56424434	14	SV_w_29387
Deletion	SL4.0ch02	18193146	18193328	182	SPIMPch02	19229315	19229315	0	SV_w_18207
Insertion	SL4.0ch09	35547345	35547345	0	SPIMPch09	37585140	37590623	5483	SV_w_59895
Insertion	SL4.0ch08	53435205	53435205	0	SPIMPch08	55983686	55983707	21	SV_w_56769
Insertion	SL4.0ch01	27418028	27418028	0	SPIMPch01	30872213	30872236	23	SV_w_6975
Insertion	SL4.0ch06	34336340	34336340	0	SPIMPch06	36324615	36324627	12	SV_w_44013
Insertion	SL4.0ch05	39220555	39220555	0	SPIMPch05	40358604	40358914	310	SV_w_33687
Deletion	SL4.0ch01	5026937	5026952	15	SPIMPch01	5289001	5289001	0	SV_w_10637
Insertion	SL4.0ch10	46466827	46466827	0	SPIMPch10	49366956	49366967	11	SV_w_69811
Insertion	SL4.0ch06	36941639	36941639	0	SPIMPch06	39021918	39021928	10	SV_w_43714
Deletion	SL4.0ch02	37427712	37427724	12	SPIMPch02	39361926	39361926	0	SV_w_12826
Deletion	SL4.0ch10	57471862	57471894	32	SPIMPch10	60818396	60818396	0	SV_w_69791
Insertion	SL4.0ch06	1567071	1567071	0	SPIMPch06	1622650	1622662	12	SV_w_42648
Insertion	SL4.0ch12	20488864	20488864	0	SPIMPch12	21199945	21200002	57	SV_w_77738
Insertion	SL4.0ch08	43997547	43997547	0	SPIMPch08	46437616	46437728	112	SV_w_54469
Insertion	SL4.0ch01	35408622	35408622	0	SPIMPch01	40347753	40347768	15	SV_w_7737
Deletion	SL4.0ch10	56432392	56432424	32	SPIMPch10	59551611	59551611	0	SV_w_67500
Deletion	SL4.0ch07	54343211	54343222	11	SPIMPch07	53710030	53710030	0	SV_w_49313
Insertion	SL4.0ch09	11356117	11356117	0	SPIMPch09	11584115	11584139	24	SV_w_60021
Deletion	SL4.0ch07	21204587	21204620	33	SPIMPch07	20975452	20975452	0	SV_w_45621
Deletion	SL4.0ch05	52603641	52603651	10	SPIMPch05	53971011	53971011	0	SV_w_85023
Insertion	SL4.0ch04	34311821	34311821	0	SPIMPch04	36152760	36154080	1320	SV_w_28889
Insertion	SL4.0ch03	17506554	17506554	0	SPIMPch03	18024118	18024232	114	SV_w_19453
Insertion	SL4.0ch08	54211925	54211925	0	SPIMPch08	56766083	56766095	12	SV_w_59589
Deletion	SL4.0ch06	44727362	44727384	22	SPIMPch06	46933509	46933509	0	SV_w_43936
Insertion	SL4.0ch07	3467643	3467643	0	SPIMPch07	3578234	3578251	17	SV_w_48549
Deletion	SL4.0ch12	64349183	64349205	22	SPIMPch12	67899902	67899902	0	SV_w_81035
Insertion	SL4.0ch03	46205009	46205009	0	SPIMPch03	46527565	46527585	20	SV_w_19735
Deletion	SL4.0ch01	79901504	79901520	16	SPIMPch01	84557923	84557923	0	SV_w_1971
Deletion	SL4.0ch04	1547911	1547940	29	SPIMPch04	1521071	1521071	0	SV_w_33168
Insertion	SL4.0ch06	43446442	43446442	0	SPIMPch06	45702145	45702159	14	SV_w_43153
Insertion	SL4.0ch02	46356520	46356520	0	SPIMPch02	48560923	48560938	15	SV_w_11680
Deletion	SL4.0ch01	76020854	76020892	38	SPIMPch01	80683168	80683168	0	SV_w_11050
Insertion	SL4.0ch01	26602667	26602667	0	SPIMPch01	30056348	30056362	14	SV_w_1265
Deletion	SL4.0ch02	33440691	33440704	13	SPIMPch02	35326832	35326832	0	SV_w_16178
Insertion	SL4.0ch08	50615165	50615165	0	SPIMPch08	53107173	53107186	13	SV_w_57561
Deletion	SL4.0ch07	67767614	67767686	72	SPIMPch07	67334128	67334128	0	SV_w_46803
Deletion	SL4.0ch05	11635430	11635475	45	SPIMPch05	11996257	11996257	0	SV_w_34213
Insertion	SL4.0ch07	36071775	36071775	0	SPIMPch07	35426521	35426533	12	SV_w_52105
Insertion	SL4.0ch04	16499045	16499045	0	SPIMPch04	17824789	17824805	16	SV_w_26623
Deletion	SL4.0ch08	62687021	62687041	20	SPIMPch08	65407750	65407750	0	SV_w_56189
Insertion	SL4.0ch07	60030157	60030157	0	SPIMPch07	59495665	59495676	11	SV_w_47413
Insertion	SL4.0ch03	44976264	44976264	0	SPIMPch03	45274066	45274098	32	SV_w_19399
Insertion	SL4.0ch07	10178079	10178079	0	SPIMPch07	10584606	10584633	27	SV_w_45759
Deletion	SL4.0ch04	33462893	33462905	12	SPIMPch04	35175101	35175101	0	SV_w_28577
Deletion	SL4.0ch06	45710671	45710700	29	SPIMPch06	47982113	47982113	0	SV_w_42524
Insertion	SL4.0ch01	19825973	19825973	0	SPIMPch01	10509991	10512075	2084	SV_w_83791
Deletion	SL4.0ch01	20052953	20053954	1001	SPIMPch01	10291076	10291076	0	SV_w_83058
Deletion	SL4.0ch02	35896574	35896592	18	SPIMPch02	37783315	37783315	0	SV_w_17908
Insertion	SL4.0ch12	20186041	20186041	0	SPIMPch12	20879648	20879672	24	SV_w_78436
Deletion	SL4.0ch03	45035902	45035920	18	SPIMPch03	45333812	45333812	0	SV_w_19408
Deletion	SL4.0ch06	38938317	38938330	13	SPIMPch06	41097915	41097915	0	SV_w_41050
Deletion	SL4.0ch08	2404867	2404877	10	SPIMPch08	2459221	2459221	0	SV_w_59590
Insertion	SL4.0ch10	657500	657500	0	SPIMPch10	757527	757592	65	SV_w_70815
Insertion	SL4.0ch09	3280877	3280877	0	SPIMPch09	3310974	3311029	55	SV_w_62763
Insertion	SL4.0ch11	28299871	28299871	0	SPIMPch11	29697056	29697066	10	SV_w_73392
Deletion	SL4.0ch03	60904895	60905052	157	SPIMPch03	61451155	61451155	0	SV_w_21568
Deletion	SL4.0ch09	65719800	65719830	30	SPIMPch09	68466166	68466166	0	SV_w_64212
Deletion	SL4.0ch07	55897164	55897174	10	SPIMPch07	55216702	55216702	0	SV_w_46722
Insertion	SL4.0ch05	1158498	1158498	0	SPIMPch05	1252001	1252051	50	SV_w_37569
Insertion	SL4.0ch11	4726321	4726321	0	SPIMPch11	4686137	4686147	10	SV_w_76070
Insertion	SL4.0ch07	59627283	59627283	0	SPIMPch07	59115814	59115832	18	SV_w_52230
Deletion	SL4.0ch06	39950101	39950111	10	SPIMPch06	42141151	42141151	0	SV_w_41035
Deletion	SL4.0ch03	64660710	64660756	46	SPIMPch03	65167037	65167037	0	SV_w_24280
Deletion	SL4.0ch08	60478707	60478719	12	SPIMPch08	63153361	63153361	0	SV_w_59215
Deletion	SL4.0ch11	7214541	7214592	51	SPIMPch11	7135769	7135769	0	SV_w_74979
Insertion	SL4.0ch01	1583943	1583943	0	SPIMPch01	1687755	1687777	22	SV_w_6748
Insertion	SL4.0ch07	64799703	64799703	0	SPIMPch07	64332622	64332647	25	SV_w_49020
Insertion	SL4.0ch06	40633085	40633085	0	SPIMPch06	42832350	42832376	26	SV_w_42621
Insertion	SL4.0ch09	5158029	5158029	0	SPIMPch09	5275903	5275919	16	SV_w_62169
Insertion	SL4.0ch06	41751767	41751767	0	SPIMPch06	43921516	43921549	33	SV_w_42408
Deletion	SL4.0ch05	36877518	36877565	47	SPIMPch05	37940133	37940133	0	SV_w_34001
Insertion	SL4.0ch09	40804737	40804737	0	SPIMPch09	42922320	42922331	11	SV_w_62089
Insertion	SL4.0ch01	25221972	25221972	0	SPIMPch01	28631244	28631538	294	SV_w_12
Deletion	SL4.0ch12	51726740	51726848	108	SPIMPch12	55001042	55001042	0	SV_w_79062
Insertion	SL4.0ch11	5516503	5516503	0	SPIMPch11	5441679	5441706	27	SV_w_76127
Insertion	SL4.0ch04	44992290	44992290	0	SPIMPch04	47254995	47255005	10	SV_w_26461
Insertion	SL4.0ch10	4140343	4140343	0	SPIMPch04	4165498	4165514	16	SV_w_93096
Deletion	SL4.0ch04	13923179	13923193	14	SPIMPch04	15196808	15196808	0	SV_w_32515
Deletion	SL4.0ch02	19199868	19199880	12	SPIMPch02	20665459	20665459	0	SV_w_14328
Deletion	SL4.0ch07	5094459	5094470	11	SPIMPch07	5121100	5121100	0	SV_w_50479
Deletion	SL4.0ch04	63610137	63610156	19	SPIMPch04	66122667	66122667	0	SV_w_29934
Repeat_expansion/INS	SL4.0ch01	73665480	73665558	78	SPIMPch01	78311409	78311661	252	SV_b_18261a
Insertion	SL4.0ch09	3569278	3569278	0	SPIMPch09	3621882	3621892	10	SV_w_64176
Deletion	SL4.0ch07	45856005	45856015	10	SPIMPch07	45191783	45191783	0	SV_w_48012
Insertion	SL4.0ch05	42021288	42021288	0	SPIMPch05	43789926	43789936	10	SV_w_35147
Insertion	SL4.0ch04	11527432	11527432	0	SPIMPch04	11804817	11804834	17	SV_w_29360
Deletion	SL4.0ch12	24750525	24750551	26	SPIMPch12	25895867	25895867	0	SV_w_78360
Insertion	SL4.0ch08	593464	593464	0	SPIMPch08	624277	624310	33	SV_w_59505
Deletion	SL4.0ch01	80833108	80833145	37	SPIMPch01	85486301	85486301	0	SV_w_1121
Deletion	SL4.0ch08	59113894	59113905	11	SPIMPch08	61786300	61786300	0	SV_w_58234
Insertion/Substitution	SL4.0ch04	16844852	16844868	16	SPIMPch04	18142003	18142041	38	SV_w_28159
Deletion	SL4.0ch04	58690972	58690986	14	SPIMPch04	61162770	61162770	0	SV_w_27241
Insertion	SL4.0ch11	22419180	22419180	0	SPIMPch11	23432532	23432607	75	SV_w_73137
Insertion	SL4.0ch12	63937572	63937572	0	SPIMPch12	67475608	67475620	12	SV_w_79670
Deletion	SL4.0ch01	7018946	7018966	20	SPIMPch01	7431471	7431471	0	SV_w_1871
Insertion	SL4.0ch03	47916847	47916847	0	SPIMPch03	48197433	48197444	11	SV_w_20871
Insertion	SL4.0ch07	64586524	64586524	0	SPIMPch07	64096725	64096750	25	SV_w_51901
Insertion	SL4.0ch09	24412180	24412180	0	SPIMPch09	26123338	26123362	24	SV_w_61610
Deletion	SL4.0ch03	19951829	19951845	16	SPIMPch03	20403512	20403512	0	SV_w_20123
Deletion	SL4.0ch01	4207019	4207053	34	SPIMPch01	4489532	4489532	0	SV_w_10624
Insertion	SL4.0ch09	49347050	49347050	0	SPIMPch09	51956498	51956591	93	SV_w_60217
Insertion	SL4.0ch08	56000652	56000652	0	SPIMPch08	58533524	58533928	404	SV_w_58391
Deletion	SL4.0ch10	1307968	1307978	10	SPIMPch10	1409904	1409904	0	SV_w_69285
Insertion	SL4.0ch11	42245307	42245307	0	SPIMPch11	43739083	43739100	17	SV_w_71393
Insertion	SL4.0ch07	64820970	64820970	0	SPIMPch07	64353928	64353964	36	SV_w_49024
Deletion	SL4.0ch11	15090659	15090675	16	SPIMPch11	15196220	15196220	0	SV_w_72618
Deletion	SL4.0ch05	48414912	48414938	26	SPIMPch05	49826230	49826230	0	SV_w_36104
Insertion	SL4.0ch05	51718988	51718988	0	SPIMPch05	53067175	53067185	10	SV_w_35459
Insertion	SL4.0ch11	35558849	35558849	0	SPIMPch11	37005215	37005236	21	SV_w_73296
Insertion	SL4.0ch02	49590787	49590787	0	SPIMPch02	51829716	51829743	27	SV_w_14184
Deletion	SL4.0ch05	52427499	52427546	47	SPIMPch05	53781680	53781680	0	SV_w_37012
Insertion	SL4.0ch12	65778794	65778794	0	SPIMPch12	69349108	69349118	10	SV_w_80924
Insertion	SL4.0ch12	38809856	38809856	0	SPIMPch12	41738466	41738488	22	SV_w_77803
Deletion	SL4.0ch04	18514969	18514997	28	SPIMPch04	19948981	19948981	0	SV_w_32286
Deletion	SL4.0ch04	45063716	45063734	18	SPIMPch04	47326310	47326310	0	SV_w_26470
Insertion	SL4.0ch03	25875447	25875447	0	SPIMPch03	26314338	26328155	13817	SV_w_18983
Deletion	SL4.0ch10	1722227	1722246	19	SPIMPch10	1826819	1826819	0	SV_w_68113
Deletion	SL4.0ch09	58088029	58088043	14	SPIMPch09	60816234	60816234	0	SV_w_61107
Deletion	SL4.0ch11	6711263	6711320	57	SPIMPch11	6607750	6607750	0	SV_w_74289
Deletion	SL4.0ch07	10716902	10716919	17	SPIMPch07	11123411	11123411	0	SV_w_46065
Deletion	SL4.0ch06	41042582	41042628	46	SPIMPch06	43246027	43246027	0	SV_w_41459
Insertion	SL4.0ch03	37699591	37699591	0	SPIMPch03	36259544	36259577	33	SV_w_22831
Deletion	SL4.0ch01	30768197	30768248	51	SPIMPch01	34289920	34289920	0	SV_w_3107
Deletion	SL4.0ch03	31876699	31876717	18	SPIMPch03	32660262	32660262	0	SV_w_20673
Insertion	SL4.0ch09	62408507	62408507	0	SPIMPch09	65042455	65042497	42	SV_w_62799
Deletion	SL4.0ch08	12818192	12818210	18	SPIMPch08	14883052	14883052	0	SV_w_53215
Insertion	SL4.0ch01	85141896	85141896	0	SPIMPch01	89777398	89777410	12	SV_w_8131
Deletion	SL4.0ch08	7825683	7825701	18	SPIMPch08	7878563	7878563	0	SV_w_53165
Tandem_expansion/INS	SL4.0ch12	13616696	13616696	0	SPIMPch12	13585977	13586597	620	SV_b_26442a
Deletion	SL4.0ch12	714013	714043	30	SPIMPch12	715578	715578	0	SV_w_81981
Insertion	SL4.0ch04	23203159	23203159	0	SPIMPch04	23437883	23437902	19	SV_w_84969
Deletion	SL4.0ch10	59654898	59654961	63	SPIMPch10	62985836	62985836	0	SV_w_69539
Insertion	SL4.0ch03	58405667	58405667	0	SPIMPch03	58947336	58947357	21	SV_w_23258
Insertion	SL4.0ch03	31539271	31539271	0	SPIMPch03	32292736	32292810	74	SV_w_21148
Deletion	SL4.0ch01	53268918	53269441	523	SPIMPch01	57543741	57543741	0	SV_w_198
Deletion	SL4.0ch07	33544600	33544717	117	SPIMPch07	32811815	32811815	0	SV_w_47169
Insertion	SL4.0ch01	7760462	7760462	0	SPIMPch01	8217790	8217801	11	SV_w_7476
Insertion	SL4.0ch07	56182205	56182205	0	SPIMPch07	55505740	55505869	129	SV_w_49222
Insertion	SL4.0ch01	79401511	79401511	0	SPIMPch01	84059942	84059955	13	SV_w_8288
Deletion	SL4.0ch07	45629893	45629915	22	SPIMPch07	44953215	44953215	0	SV_w_46825
Insertion	SL4.0ch09	496515	496515	0	SPIMPch09	448435	448450	15	SV_w_63946
Insertion	SL4.0ch08	34097170	34097170	0	SPIMPch08	37008674	37008693	19	SV_w_86709
Deletion	SL4.0ch12	3477998	3478013	15	SPIMPch12	3425414	3425414	0	SV_w_79717
Insertion	SL4.0ch06	11541202	11541202	0	SPIMPch06	12624653	12624685	32	SV_w_41482
Insertion	SL4.0ch09	52816851	52816851	0	SPIMPch09	55319852	55319869	17	SV_w_61455
Insertion	SL4.0ch11	15275779	15275779	0	SPIMPch11	15388048	15388066	18	SV_w_74125
Insertion	SL4.0ch02	31757565	31757565	0	SPIMPch02	33569166	33569242	76	SV_w_17149
Insertion	SL4.0ch07	10819755	10819755	0	SPIMPch07	11223079	11223091	12	SV_w_46074
Insertion	SL4.0ch07	34246609	34246609	0	SPIMPch07	33663979	33664462	483	SV_w_48970
Insertion	SL4.0ch01	15754777	15754777	0	SPIMPch01	14082859	14082878	19	SV_w_82710
Insertion	SL4.0ch01	1640576	1640576	0	SPIMPch01	1744348	1744370	22	SV_w_6764
Insertion	SL4.0ch02	19361507	19361507	0	SPIMPch02	20825641	20825677	36	SV_w_11430
Insertion	SL4.0ch06	37940236	37940236	0	SPIMPch06	40062985	40062995	10	SV_w_43990
Deletion	SL4.0ch03	57416996	57417016	20	SPIMPch03	57967266	57967266	0	SV_w_24702
Insertion	SL4.0ch11	24746338	24746338	0	SPIMPch11	26016144	26016183	39	SV_w_74054
Insertion	SL4.0ch01	78040103	78040103	0	SPIMPch01	82685602	82685640	38	SV_w_7315
Insertion	SL4.0ch01	85703139	85703139	0	SPIMPch01	90340580	90340592	12	SV_w_145
Insertion	SL4.0ch03	53881734	53881734	0	SPIMPch03	54225304	54225322	18	SV_w_22706
Deletion	SL4.0ch08	4696477	4696524	47	SPIMPch08	4788028	4788028	0	SV_w_59328
Repeat_contraction/DEL	SL4.0ch10	44726519	44726549	30	SPIMPch10	48228864	48228866	2	SV_b_25259a
Insertion	SL4.0ch10	52744355	52744355	0	SPIMPch10	55774998	55775012	14	SV_w_68475
Insertion	SL4.0ch08	24287533	24287533	0	SPIMPch08	26791934	26791958	24	SV_w_55969
Deletion	SL4.0ch04	40400193	40400296	103	SPIMPch04	42482754	42482754	0	SV_w_26180
Insertion	SL4.0ch09	20150149	20150149	0	SPIMPch09	20302407	20302422	15	SV_w_93510
Deletion	SL4.0ch09	67700490	67700516	26	SPIMPch09	70421527	70421527	0	SV_w_64886
Deletion	SL4.0ch09	31112982	31112994	12	SPIMPch09	33034785	33034785	0	SV_w_64787
Deletion	SL4.0ch01	54037537	54037550	13	SPIMPch01	58306351	58306351	0	SV_w_2502
Insertion	SL4.0ch02	51599118	51599118	0	SPIMPch02	53848327	53848352	25	SV_w_12985
Insertion	SL4.0ch04	48049350	48049350	0	SPIMPch04	50383112	50383162	50	SV_w_31009
Deletion	SL4.0ch07	26527212	26527227	15	SPIMPch07	26321127	26321127	0	SV_w_49479
Deletion	SL4.0ch08	32661516	32661527	11	SPIMPch08	29774844	29774844	0	SV_w_86402
Deletion	SL4.0ch07	8490775	8490839	64	SPIMPch07	8893887	8893887	0	SV_w_46303
Insertion	SL4.0ch02	40834714	40834714	0	SPIMPch02	42832749	42833373	624	SV_w_13295
Deletion	SL4.0ch02	47596850	47596872	22	SPIMPch02	49860884	49860884	0	SV_w_15423
Repeat_expansion/INS	SL4.0ch11	53923161	53923161	0	SPIMPch11	55662381	55667068	4687	SV_b_26199b
Deletion	SL4.0ch07	24522977	24522987	10	SPIMPch07	24574464	24574464	0	SV_w_50518
Deletion	SL4.0ch07	63151617	63151643	26	SPIMPch07	62697579	62697579	0	SV_w_49537
Deletion	SL4.0ch12	59982738	59982748	10	SPIMPch12	63482842	63482842	0	SV_w_80008
Insertion	SL4.0ch04	44228853	44228853	0	SPIMPch04	46486137	46486237	100	SV_w_30542
Deletion	SL4.0ch09	64417096	64417120	24	SPIMPch09	67128311	67128311	0	SV_w_64654
Deletion	SL4.0ch03	4912101	4912116	15	SPIMPch03	5006496	5006496	0	SV_w_23907
Deletion	SL4.0ch06	10352896	10353737	841	SPIMPch06	11015105	11015105	0	SV_w_42635
Insertion	SL4.0ch02	23135700	23135700	0	SPIMPch02	24451821	24451834	13	SV_w_17440
Insertion	SL4.0ch02	23393444	23393444	0	SPIMPch02	24684302	24684312	10	SV_w_16100
Insertion	SL4.0ch12	58814096	58814096	0	SPIMPch12	62122129	62122148	19	SV_w_81877
Insertion	SL4.0ch03	44391586	44391586	0	SPIMPch03	44655160	44655186	26	SV_w_20818
Insertion	SL4.0ch11	53867415	53867415	0	SPIMPch01	3829595	3829619	24	SV_w_90412
Insertion	SL4.0ch05	1333953	1333953	0	SPIMPch05	1436816	1436829	13	SV_w_38202
Deletion	SL4.0ch05	54030064	54031297	1233	SPIMPch05	55356296	55356296	0	SV_w_34558
Insertion	SL4.0ch07	48597679	48597679	0	SPIMPch07	47904094	47904577	483	SV_w_46407
Deletion	SL4.0ch01	64621913	64621923	10	SPIMPch01	69379433	69379433	0	SV_w_2194
Deletion	SL4.0ch08	20456077	20456087	10	SPIMPch08	22104188	22104188	0	SV_w_54709
Insertion	SL4.0ch06	36974529	36974529	0	SPIMPch06	39062796	39062806	10	SV_w_43120
Insertion	SL4.0ch03	8594704	8594704	0	SPIMPch03	9235197	9235210	13	SV_w_20359
Insertion	SL4.0ch08	58799869	58799869	0	SPIMPch08	61465864	61471200	5336	SV_w_57657
Deletion	SL4.0ch10	61519457	61519475	18	SPIMPch10	64812362	64812362	0	SV_w_70983
Deletion	SL4.0ch01	89655728	89655741	13	SPIMPch01	94281704	94281704	0	SV_w_1941
Insertion	SL4.0ch05	50244085	50244085	0	SPIMPch05	51590844	51590901	57	SV_w_36088
Deletion	SL4.0ch04	57783182	57783214	32	SPIMPch04	60307137	60307137	0	SV_w_29256
Deletion	SL4.0ch04	49976924	49976959	35	SPIMPch04	52397762	52397762	0	SV_w_27375
Deletion	SL4.0ch01	63688468	63688508	40	SPIMPch01	68433130	68433130	0	SV_w_462
Insertion	SL4.0ch06	19681309	19681309	0	SPIMPch06	29716342	29716358	16	SV_w_85511
Insertion	SL4.0ch08	29687415	29687415	0	SPIMPch08	33098634	33098720	86	SV_w_86364
Deletion	SL4.0ch05	61903460	61903474	14	SPIMPch05	63417519	63417519	0	SV_w_36492
Insertion	SL4.0ch10	22961683	22961683	0	SPIMPch10	15037492	15037514	22	SV_w_88319
Insertion	SL4.0ch10	41431421	41431421	0	SPIMPch10	44196832	44196863	31	SV_w_67258
Insertion	SL4.0ch03	53752266	53752266	0	SPIMPch03	54095432	54095442	10	SV_w_19156
Insertion	SL4.0ch01	29223595	29223595	0	SPIMPch01	32733405	32733425	20	SV_w_3762
Insertion	SL4.0ch01	62053835	62053835	0	SPIMPch01	66748429	66748455	26	SV_w_5970
Insertion	SL4.0ch11	746011	746011	0	SPIMPch11	730324	730396	72	SV_w_74754
Deletion	SL4.0ch12	65585077	65585092	15	SPIMPch12	69139038	69139038	0	SV_w_81544
Deletion	SL4.0ch04	18434369	18434411	42	SPIMPch04	19874653	19874653	0	SV_w_32675
Deletion	SL4.0ch04	49976736	49976771	35	SPIMPch04	52397609	52397609	0	SV_w_27374
Deletion	SL4.0ch11	52602879	52602897	18	SPIMPch11	54309919	54309919	0	SV_w_76565
Insertion	SL4.0ch03	13487879	13487879	0	SPIMPch03	14156648	14156682	34	SV_w_24503
Insertion	SL4.0ch07	63970581	63970581	0	SPIMPch07	63475958	63475984	26	SV_w_52388
Insertion	SL4.0ch07	30137432	30137432	0	SPIMPch07	29595765	29595782	17	SV_w_86127
Insertion	SL4.0ch05	1519522	1519522	0	SPIMPch05	1625015	1625376	361	SV_w_37322
Deletion	SL4.0ch09	7265580	7265601	21	SPIMPch09	7495460	7495460	0	SV_w_63396
Deletion	SL4.0ch03	33588610	33588621	11	SPIMPch03	34305198	34305198	0	SV_w_23025
Deletion	SL4.0ch12	4894373	4894385	12	SPIMPch12	4968682	4968682	0	SV_w_82338
Deletion	SL4.0ch03	64602888	64602904	16	SPIMPch03	65110328	65110328	0	SV_w_24544
Insertion	SL4.0ch03	61054387	61054387	0	SPIMPch03	61579291	61579303	12	SV_w_21778
Insertion	SL4.0ch09	20597424	20597424	0	SPIMPch09	19835784	19835802	18	SV_w_87398
Deletion	SL4.0ch01	26351823	26351837	14	SPIMPch01	29823874	29823874	0	SV_w_7947
Deletion	SL4.0ch08	42562755	42562770	15	SPIMPch08	45063364	45063364	0	SV_w_57102
Insertion	SL4.0ch01	63177842	63177842	0	SPIMPch01	67869977	67870014	37	SV_w_3873
Deletion	SL4.0ch09	58682746	58682949	203	SPIMPch09	61379468	61379468	0	SV_w_62385
Deletion	SL4.0ch11	6179663	6179702	39	SPIMPch11	6066402	6066402	0	SV_w_73501
Deletion	SL4.0ch12	58490569	58490583	14	SPIMPch12	61975694	61975694	0	SV_w_81228
Insertion	SL4.0ch07	57677188	57677188	0	SPIMPch07	56996385	56996423	38	SV_w_48290
Deletion	SL4.0ch01	44594259	44594269	10	SPIMPch01	50653190	50653190	0	SV_w_8534
Deletion	SL4.0ch01	84014725	84014744	19	SPIMPch01	88660155	88660155	0	SV_w_6105
Insertion	SL4.0ch10	16653316	16653316	0	SPIMPch10	22475165	22475563	398	SV_w_70107
Deletion	SL4.0ch07	3044760	3044774	14	SPIMPch07	3137275	3137275	0	SV_w_48809
Repeat_contraction/DEL	SL4.0ch09	7032770	7038019	5249	SPIMPch09	7275885	7275947	62	SV_b_24366a
Insertion	SL4.0ch08	56051337	56051337	0	SPIMPch08	58603372	58603387	15	SV_w_58997
Insertion	SL4.0ch10	45193193	45193196	-3	SPIMPch10	47636015	47642299	6284	SV_b_25263
Repeat_contraction/DEL	SL4.0ch01	53744665	53744726	61	SPIMPch01	58013025	58013050	25	SV_b_18028a
Deletion	SL4.0ch12	60901846	60901862	16	SPIMPch12	64422047	64422047	0	SV_w_78895
Insertion	SL4.0ch01	20445650	20445650	0	SPIMPch01	9999302	9999314	12	SV_w_8783
Deletion	SL4.0ch12	59593309	59593329	20	SPIMPch12	62888408	62888408	0	SV_w_80687
Insertion	SL4.0ch02	15433569	15433569	0	SPIMPch02	16490303	16490635	332	SV_w_12121
Deletion	SL4.0ch07	6585176	6585191	15	SPIMPch07	6583169	6583169	0	SV_w_47749
Insertion	SL4.0ch11	50148339	50148339	0	SPIMPch11	51883714	51883724	10	SV_w_72688
Insertion	SL4.0ch06	33670837	33670837	0	SPIMPch06	35677529	35677541	12	SV_w_44434
Insertion	SL4.0ch01	18457479	18457479	0	SPIMPch01	11357022	11357032	10	SV_w_82717
Insertion	SL4.0ch01	3179589	3179589	0	SPIMPch01	3332675	3334784	2109	SV_w_9227
Deletion	SL4.0ch10	49295404	49295415	11	SPIMPch10	52308643	52308643	0	SV_w_66290
Insertion	SL4.0ch03	61717450	61717450	0	SPIMPch03	62235204	62235237	33	SV_w_21601
Deletion	SL4.0ch02	31926956	31926975	19	SPIMPch02	33746406	33746406	0	SV_w_15622
Deletion	SL4.0ch08	61941061	61941071	10	SPIMPch08	64615895	64615895	0	SV_w_57784
Insertion	SL4.0ch10	60958378	60958378	0	SPIMPch10	64258662	64258674	12	SV_w_69948
Insertion	SL4.0ch08	14279	14279	0	SPIMPch08	16288	16469	181	SV_w_57977
Insertion	SL4.0ch06	43694369	43694369	0	SPIMPch06	45956486	45956502	16	SV_w_41699
Insertion	SL4.0ch01	89827611	89827611	0	SPIMPch01	94444616	94444634	18	SV_w_9862
Insertion	SL4.0ch01	34832451	34832451	0	SPIMPch01	38746463	38746484	21	SV_w_10482
Insertion	SL4.0ch09	66744083	66744083	0	SPIMPch09	69500980	69501002	22	SV_w_64906
Insertion	SL4.0ch02	26632187	26632187	0	SPIMPch02	27919543	27919602	59	SV_w_13029
Deletion	SL4.0ch07	42287499	42287521	22	SPIMPch07	41782369	41782369	0	SV_w_86047
Deletion	SL4.0ch06	9912415	9912633	218	SPIMPch06	10394366	10394366	0	SV_w_40897
Deletion	SL4.0ch01	73388451	73388472	21	SPIMPch01	78044222	78044222	0	SV_w_10045
Insertion	SL4.0ch10	35128029	35128029	0	SPIMPch10	37023022	37023048	26	SV_w_69534
Insertion	SL4.0ch05	46953704	46953704	0	SPIMPch05	48394836	48394846	10	SV_w_34166
Deletion	SL4.0ch03	3565499	3565515	16	SPIMPch03	3554094	3554094	0	SV_w_24934
Deletion	SL4.0ch12	12566277	12566288	11	SPIMPch12	12595778	12595778	0	SV_w_77136
Insertion	SL4.0ch06	38256162	38256162	0	SPIMPch06	40410762	40410799	37	SV_w_41755
Insertion	SL4.0ch09	67761759	67761759	0	SPIMPch09	70486951	70486968	17	SV_w_64019
Insertion	SL4.0ch09	47966645	47966645	0	SPIMPch03	11667148	11667189	41	SV_w_92950
Insertion	SL4.0ch04	19414354	19414354	0	SPIMPch04	20838691	20838718	27	SV_w_30456
Insertion	SL4.0ch12	55047967	55047967	0	SPIMPch12	58611577	58611591	14	SV_w_79388
Insertion	SL4.0ch03	39278210	39278210	0	SPIMPch03	39757953	39757965	12	SV_w_20377
Deletion	SL4.0ch11	52080922	52080957	35	SPIMPch11	53786830	53786830	0	SV_w_75436
Insertion	SL4.0ch02	4977746	4977746	0	SPIMPch02	5195427	5205021	9594	SV_w_11864
Insertion	SL4.0ch03	36807799	36807799	0	SPIMPch03	36818958	36818969	11	SV_w_84253
Deletion	SL4.0ch12	38541642	38541656	14	SPIMPch12	41480070	41480070	0	SV_w_79543
Insertion	SL4.0ch08	63335632	63335632	0	SPIMPch08	66034996	66035036	40	SV_w_56442
Insertion	SL4.0ch03	55317120	55317120	0	SPIMPch03	55835438	55835475	37	SV_w_20785
Deletion	SL4.0ch08	3868073	3872584	4511	SPIMPch08	3973701	3973701	0	SV_w_58922
Insertion	SL4.0ch04	59071670	59071670	0	SPIMPch04	61541240	61541283	43	SV_w_28295
Deletion	SL4.0ch11	51581297	51581309	12	SPIMPch11	53289770	53289770	0	SV_w_75449
Deletion	SL4.0ch02	31815094	31815105	11	SPIMPch02	33616586	33616586	0	SV_w_16640
Insertion	SL4.0ch04	62716612	62716612	0	SPIMPch04	65210627	65210639	12	SV_w_32387
Deletion	SL4.0ch03	4791070	4791103	33	SPIMPch03	4885220	4885220	0	SV_w_22090
Deletion	SL4.0ch12	60509215	60509230	15	SPIMPch12	64020296	64020296	0	SV_w_82173
Insertion	SL4.0ch03	5527010	5527010	0	SPIMPch03	5623173	5623282	109	SV_w_25411
Deletion	SL4.0ch06	46414670	46414682	12	SPIMPch06	48695719	48695719	0	SV_w_43306
Deletion	SL4.0ch10	31965551	31965569	18	SPIMPch10	33668723	33668723	0	SV_w_65587
Deletion	SL4.0ch03	46724784	46724794	10	SPIMPch03	47055559	47055559	0	SV_w_19980
Insertion	SL4.0ch03	43388415	43388415	0	SPIMPch03	41550826	41550881	55	SV_w_84075
Deletion	SL4.0ch09	68279145	68279162	17	SPIMPch09	71023036	71023036	0	SV_w_63650
Deletion	SL4.0ch07	6641608	6641636	28	SPIMPch07	6622030	6622030	0	SV_w_49081
Insertion	SL4.0ch05	10439281	10439281	0	SPIMPch05	10688164	10688191	27	SV_w_37913
Deletion/DEL	SL4.0ch03	48345509	48357197	11688	SPIMPch03	48622688	48622688	0	SV_b_19946a
Deletion	SL4.0ch07	24643467	24643491	24	SPIMPch07	24698517	24698517	0	SV_w_50059
Deletion	SL4.0ch08	48744451	48744463	12	SPIMPch08	51081256	51081256	0	SV_w_53799
Insertion	SL4.0ch08	6914268	6914268	0	SPIMPch08	6960473	6960485	12	SV_w_58480
Deletion	SL4.0ch10	39397439	39397501	62	SPIMPch10	41645044	41645044	0	SV_w_65938
Insertion	SL4.0ch01	16894589	16894589	0	SPIMPch01	12906194	12906206	12	SV_w_83290
Insertion	SL4.0ch02	16963651	16963651	0	SPIMPch02	17405091	17405258	167	SV_w_84003
Deletion	SL4.0ch09	31658624	31658635	11	SPIMPch09	33378057	33378057	0	SV_w_61250
Insertion	SL4.0ch11	5284241	5284241	0	SPIMPch11	5223490	5223535	45	SV_w_76587
Insertion	SL4.0ch03	43294366	43294366	0	SPIMPch03	41643816	41643828	12	SV_w_84067
Insertion	SL4.0ch03	4642589	4642589	0	SPIMPch03	4737395	4737419	24	SV_w_23493
Deletion	SL4.0ch09	6965344	6965467	123	SPIMPch09	7213319	7213319	0	SV_w_64594
Insertion	SL4.0ch01	18150808	18150808	0	SPIMPch01	11655045	11655083	38	SV_w_83267
Insertion	SL4.0ch03	9830345	9830345	0	SPIMPch03	10487914	10488205	291	SV_w_20031
Deletion	SL4.0ch06	34338703	34338715	12	SPIMPch06	36329655	36329655	0	SV_w_44548
Insertion	SL4.0ch05	60735346	60735346	0	SPIMPch05	62232698	62232717	19	SV_w_36147
Deletion	SL4.0ch05	8497190	8497250	60	SPIMPch05	8739050	8739050	0	SV_w_36687
Deletion	SL4.0ch03	43856748	43856819	71	SPIMPch03	43953962	43953962	0	SV_w_22152
Deletion	SL4.0ch06	40897875	40897905	30	SPIMPch06	43095181	43095181	0	SV_w_43055
Insertion	SL4.0ch05	12269593	12269593	0	SPIMPch05	12631272	12638116	6844	SV_w_34948
Insertion	SL4.0ch11	50679987	50679987	0	SPIMPch11	52412467	52412486	19	SV_w_72840
Insertion	SL4.0ch08	57431351	57431351	0	SPIMPch08	60040357	60040378	21	SV_w_55965
Deletion	SL4.0ch10	2617630	2617668	38	SPIMPch10	2721759	2721759	0	SV_w_70845
Insertion	SL4.0ch10	37089364	37089364	0	SPIMPch10	39071483	39071505	22	SV_w_66514
Insertion	SL4.0ch12	5670996	5670996	0	SPIMPch12	5741127	5741137	10	SV_w_82380
Insertion	SL4.0ch12	44689297	44689297	0	SPIMPch12	47940101	47940123	22	SV_w_78367
Insertion	SL4.0ch07	61575511	61575511	0	SPIMPch07	61041858	61041890	32	SV_w_49118
Deletion	SL4.0ch04	53228527	53228612	85	SPIMPch04	55676582	55676582	0	SV_w_29439
Repeat_expansion/INS	SL4.0ch10	62283162	62283226	64	SPIMPch10	65502524	65502763	239	SV_b_25510a
Insertion	SL4.0ch09	60788670	60788670	0	SPIMPch09	63499092	63499105	13	SV_w_65012
Insertion	SL4.0ch02	38911873	38911873	0	SPIMPch02	40845390	40850325	4935	SV_w_16515
Deletion	SL4.0ch01	67109402	67109441	39	SPIMPch11	9482168	9482168	0	SV_w_93777
Insertion/INS	SL4.0ch10	17819534	17819538	4	SPIMPch10	20568704	20577846	9142	SV_b_25084a
Deletion	SL4.0ch04	50529567	50529579	12	SPIMPch04	52968631	52968631	0	SV_w_33669
Insertion	SL4.0ch10	37933975	37933975	0	SPIMPch10	4382437	4382450	13	SV_w_87602
Insertion	SL4.0ch01	2467400	2467400	0	SPIMPch01	2581831	2581844	13	SV_w_8644
Deletion	SL4.0ch05	64291652	64291712	60	SPIMPch05	65882288	65882288	0	SV_w_37543
Deletion	SL4.0ch11	49968417	49968435	18	SPIMPch11	51706448	51706448	0	SV_w_75712
Deletion	SL4.0ch08	1279987	1280009	22	SPIMPch08	1310963	1310963	0	SV_w_58428
Insertion	SL4.0ch12	60680806	60680806	0	SPIMPch12	64196113	64196188	75	SV_w_81823
Deletion	SL4.0ch01	74863108	74863124	16	SPIMPch01	79535831	79535831	0	SV_w_4089
Deletion/DEL	SL4.0ch11	10412100	10450796	38696	SPIMPch11	10398577	10398577	0	SV_b_25778a
Deletion	SL4.0ch06	22015014	22015025	11	SPIMPch06	27354978	27354978	0	SV_w_85499
Deletion	SL4.0ch02	13917306	13917412	106	SPIMPch02	14947727	14947727	0	SV_w_11247
Deletion	SL4.0ch01	35893185	35893195	10	SPIMPch01	40865068	40865068	0	SV_w_4037
Deletion	SL4.0ch10	47022063	47022094	31	SPIMPch10	49959041	49959041	0	SV_w_69915
Deletion	SL4.0ch12	848075	848109	34	SPIMPch12	850168	850168	0	SV_w_81796
Deletion	SL4.0ch09	231082	231110	28	SPIMPch09	183301	183301	0	SV_w_61222
Deletion	SL4.0ch08	34886569	34886581	12	SPIMPch08	36227843	36227843	0	SV_w_86947
Insertion	SL4.0ch12	13222068	13222068	0	SPIMPch12	13147151	13147207	56	SV_w_78664
Deletion	SL4.0ch05	24133130	24133157	27	SPIMPch05	24987336	24987336	0	SV_w_34305
Repeat_expansion/INS	SL4.0ch08	4641019	4641020	1	SPIMPch08	4731014	4739699	8685	SV_b_23604a
Deletion	SL4.0ch08	4097091	4097161	70	SPIMPch08	4201194	4201194	0	SV_w_56631
Deletion	SL4.0ch09	5144488	5144510	22	SPIMPch09	5262394	5262394	0	SV_w_62162
Deletion	SL4.0ch05	5600201	5600225	24	SPIMPch05	5861010	5861010	0	SV_w_38501
Insertion	SL4.0ch10	63312601	63312601	0	SPIMPch10	66544845	66544862	17	SV_w_68144
Deletion	SL4.0ch09	21233121	21233328	207	SPIMPch09	19605659	19605659	0	SV_w_87470
Insertion	SL4.0ch07	65327203	65327203	0	SPIMPch07	64864724	64864736	12	SV_w_49861
Repeat_expansion/INS	SL4.0ch09	66792927	66792933	6	SPIMPch09	69551724	69551776	52	SV_b_24791a
Deletion	SL4.0ch07	43847359	43847370	11	SPIMPch07	43293882	43293882	0	SV_w_52426
Deletion	SL4.0ch01	76458481	76458497	16	SPIMPch01	81132937	81132937	0	SV_w_2137
Deletion	SL4.0ch10	1766493	1766520	27	SPIMPch10	1870974	1870974	0	SV_w_70921
Deletion	SL4.0ch01	39495901	39495947	46	SPIMPch01	44635627	44635627	0	SV_w_7362
Insertion	SL4.0ch06	20567108	20567108	0	SPIMPch06	28804862	28804883	21	SV_w_85092
Deletion	SL4.0ch12	57605855	57606105	250	SPIMPch12	61121370	61121370	0	SV_w_79138
Deletion	SL4.0ch12	59166109	59166127	18	SPIMPch12	62474364	62474364	0	SV_w_81381
Deletion	SL4.0ch01	59858931	59858949	18	SPIMPch01	64604448	64604448	0	SV_w_544
Insertion	SL4.0ch03	19783925	19783925	0	SPIMPch03	20235372	20235384	12	SV_w_18713
Deletion	SL4.0ch06	35377327	35377338	11	SPIMPch06	37424110	37424110	0	SV_w_85962
Deletion	SL4.0ch12	1579943	1579961	18	SPIMPch12	1583358	1583358	0	SV_w_81643
Deletion	SL4.0ch03	50054166	50054178	12	SPIMPch03	50405610	50405610	0	SV_w_21898
Deletion	SL4.0ch09	47226787	47226799	12	SPIMPch09	49809137	49809137	0	SV_w_61020
Insertion	SL4.0ch06	24004302	24004302	0	SPIMPch06	25332165	25332415	250	SV_w_85810
Deletion	SL4.0ch01	5789508	5789542	34	SPIMPch01	6073210	6073210	0	SV_w_7934
Insertion	SL4.0ch01	49699415	49699415	0	SPIMPch01	54022247	54022261	14	SV_w_2731
Insertion	SL4.0ch07	62838934	62838934	0	SPIMPch07	62320495	62320519	24	SV_w_51851
Deletion	SL4.0ch04	29450495	29450513	18	SPIMPch04	30742092	30742092	0	SV_w_26268
Deletion	SL4.0ch02	42549614	42549628	14	SPIMPch02	44600921	44600921	0	SV_w_12513
Repeat_expansion/INS	SL4.0ch12	23361637	23361662	25	SPIMPch12	24382171	24382231	60	SV_b_26511a
Deletion	SL4.0ch06	33866630	33866704	74	SPIMPch06	35895557	35895557	0	SV_w_42747
Insertion	SL4.0ch01	2616547	2616547	0	SPIMPch01	2724909	2725042	133	SV_w_6486
Insertion	SL4.0ch02	41484411	41484411	0	SPIMPch02	43495852	43495870	18	SV_w_16682
Insertion	SL4.0ch05	22166475	22166475	0	SPIMPch05	23096981	23096992	11	SV_w_35350
Insertion	SL4.0ch10	62019014	62019014	0	SPIMPch10	65307460	65307618	158	SV_w_70744
Deletion	SL4.0ch04	60817796	60821012	3216	SPIMPch04	63287989	63287989	0	SV_w_29031
Insertion	SL4.0ch10	61706580	61706580	0	SPIMPch10	64999909	64999926	17	SV_w_68811
Insertion	SL4.0ch10	56150972	56150972	0	SPIMPch10	59252442	59252459	17	SV_w_69322
Deletion	SL4.0ch02	35928962	35928974	12	SPIMPch02	37817616	37817616	0	SV_w_16555
Insertion	SL4.0ch01	75307298	75307298	0	SPIMPch01	79979447	79979477	30	SV_w_10726
Insertion	SL4.0ch04	4128328	4128328	0	SPIMPch04	4182591	4182607	16	SV_w_31775
Deletion	SL4.0ch02	2981357	2981435	78	SPIMPch02	3189127	3189127	0	SV_w_13946
Repeat_expansion/INS	SL4.0ch01	10022494	10022494	0	SPIMPch01	23045798	23049184	3386	SV_b_17445a
Insertion	SL4.0ch10	157060	157060	0	SPIMPch10	294011	294035	24	SV_w_69030
Repeat_expansion/INS	SL4.0ch05	46404084	46404116	32	SPIMPch05	47661195	47661263	68	SV_b_21609a
Deletion	SL4.0ch04	3832718	3832734	16	SPIMPch04	3857294	3857294	0	SV_w_31271
Insertion	SL4.0ch11	6005755	6005755	0	SPIMPch11	5893613	5893632	19	SV_w_75060
Deletion	SL4.0ch06	45566282	45566302	20	SPIMPch06	47837091	47837091	0	SV_w_43662
Insertion	SL4.0ch06	3809577	3809577	0	SPIMPch06	4140935	4140945	10	SV_w_39732
Deletion	SL4.0ch01	85068702	85068766	64	SPIMPch01	89705623	89705623	0	SV_w_3262
Insertion	SL4.0ch12	35960358	35960358	0	SPIMPch12	39165327	39165364	37	SV_w_89058
Insertion	SL4.0ch01	11679812	11679812	0	SPIMPch01	18990955	18990974	19	SV_w_3023
Insertion	SL4.0ch09	60677677	60677677	0	SPIMPch09	63380709	63384646	3937	SV_w_64808
Deletion	SL4.0ch04	52442941	52442951	10	SPIMPch04	54871530	54871530	0	SV_w_30000
Insertion	SL4.0ch10	44772754	44772754	0	SPIMPch10	48182682	48182703	21	SV_w_87938
Deletion	SL4.0ch09	22443238	22450380	7142	SPIMPch09	17849939	17849939	0	SV_w_87300
Insertion	SL4.0ch08	48019569	48019569	0	SPIMPch08	50405152	50405166	14	SV_w_56592
Insertion	SL4.0ch02	30147803	30147803	0	SPIMPch02	31723870	31723885	15	SV_w_15240
Insertion	SL4.0ch06	21892516	21892516	0	SPIMPch06	27477532	27477544	12	SV_w_85476
Insertion	SL4.0ch04	9278350	9278350	0	SPIMPch04	9577266	9577277	11	SV_w_30467
Deletion	SL4.0ch06	33188711	33188863	152	SPIMPch06	35161170	35161170	0	SV_w_41399
Deletion	SL4.0ch01	69522225	69523412	1187	SPIMPch01	74126612	74126612	0	SV_w_7373
Deletion	SL4.0ch10	56367905	56367917	12	SPIMPch10	59480568	59480568	0	SV_w_69943
Insertion	SL4.0ch06	37720697	37720697	0	SPIMPch06	39820492	39820565	73	SV_w_43922
Deletion	SL4.0ch11	53734623	53734751	128	SPIMPch11	55484693	55484693	0	SV_w_72569
Deletion	SL4.0ch03	54002624	54002634	10	SPIMPch03	54350139	54350139	0	SV_w_20063
Deletion	SL4.0ch07	67267950	67267981	31	SPIMPch07	66838842	66838842	0	SV_w_48337
Deletion	SL4.0ch10	55093605	55093615	10	SPIMPch10	58201130	58201130	0	SV_w_67792
Deletion	SL4.0ch11	1633065	1633087	22	SPIMPch11	1624192	1624192	0	SV_w_75257
Deletion	SL4.0ch08	21670510	21670528	18	SPIMPch08	23249288	23249288	0	SV_w_58937
Insertion	SL4.0ch03	56532344	56532344	0	SPIMPch03	57141683	57141707	24	SV_w_23740
Deletion	SL4.0ch10	49518493	49518558	65	SPIMPch10	52521964	52521964	0	SV_w_66321
Deletion	SL4.0ch10	19748021	19748165	144	SPIMPch10	18699194	18699194	0	SV_w_88004
Deletion	SL4.0ch10	19314923	19315022	99	SPIMPch10	19085475	19085475	0	SV_w_88087
Insertion	SL4.0ch11	49668805	49668805	0	SPIMPch11	51404082	51404103	21	SV_w_75267
Deletion	SL4.0ch02	48688287	48688321	34	SPIMPch02	50889227	50889227	0	SV_w_14232
Deletion	SL4.0ch08	17665168	17665479	311	SPIMPch08	19482127	19482127	0	SV_w_54765
Insertion	SL4.0ch01	84779422	84779422	0	SPIMPch01	89412246	89412258	12	SV_w_3179
Insertion	SL4.0ch01	88096042	88096042	0	SPIMPch01	92693185	92693199	14	SV_w_6813
Deletion	SL4.0ch06	46622616	46622658	42	SPIMPch06	48899231	48899231	0	SV_w_39949
Deletion	SL4.0ch06	41020897	41020930	33	SPIMPch06	43224347	43224347	0	SV_w_41455
Insertion	SL4.0ch08	60480004	60480004	0	SPIMPch08	63154648	63154694	46	SV_w_59216
Deletion	SL4.0ch06	9703825	9703845	20	SPIMPch06	10181681	10181681	0	SV_w_40913
Deletion	SL4.0ch04	4618961	4618974	13	SPIMPch04	4753908	4753908	0	SV_w_33430
Insertion	SL4.0ch11	8582847	8582847	0	SPIMPch11	8477559	8477574	15	SV_w_72274
Insertion	SL4.0ch01	8634455	8634455	0	SPIMPch01	9174725	9174831	106	SV_w_5413
Deletion	SL4.0ch03	47542966	47542977	11	SPIMPch03	47830761	47830761	0	SV_w_24625
Insertion	SL4.0ch07	64801630	64801630	0	SPIMPch07	64334582	64334608	26	SV_w_49021
Insertion	SL4.0ch12	66175809	66175809	0	SPIMPch12	69748944	69748976	32	SV_w_78925
Insertion	SL4.0ch04	46420981	46420981	0	SPIMPch04	48710058	48710082	24	SV_w_28837
Insertion	SL4.0ch07	22385935	22385935	0	SPIMPch07	22145058	22145273	215	SV_w_50800
Deletion	SL4.0ch06	45890666	45890698	32	SPIMPch06	48169611	48169611	0	SV_w_41722
Deletion	SL4.0ch05	10861952	10862146	194	SPIMPch05	11199520	11199520	0	SV_w_36349
Insertion	SL4.0ch11	51763116	51763116	0	SPIMPch11	53465258	53465293	35	SV_w_76417
Deletion	SL4.0ch09	63669146	63669160	14	SPIMPch09	66335430	66335430	0	SV_w_64132
Deletion	SL4.0ch06	21003415	21003431	16	SPIMPch06	28338752	28338752	0	SV_w_85917
Insertion	SL4.0ch02	34747849	34747849	0	SPIMPch02	36630247	36630267	20	SV_w_15873
Deletion	SL4.0ch06	42752887	42752897	10	SPIMPch06	44970657	44970657	0	SV_w_42257
Insertion	SL4.0ch05	31470640	31470640	0	SPIMPch05	32521616	32521688	72	SV_w_34803
Insertion	SL4.0ch07	1168507	1168507	0	SPIMPch07	1216779	1216790	11	SV_w_50822
Deletion	SL4.0ch03	58136828	58136847	19	SPIMPch03	58683111	58683111	0	SV_w_20240
Insertion	SL4.0ch05	56225769	56225769	0	SPIMPch05	57548853	57548873	20	SV_w_34635
Insertion	SL4.0ch02	36506023	36506023	0	SPIMPch02	38391527	38391545	18	SV_w_14308
Insertion	SL4.0ch01	80726524	80726524	0	SPIMPch01	85382915	85383093	178	SV_w_1101
Insertion	SL4.0ch06	35066346	35066346	0	SPIMPch06	37067684	37067694	10	SV_w_44813
Deletion	SL4.0ch03	53391918	53391937	19	SPIMPch03	53733183	53733183	0	SV_w_22233
Insertion	SL4.0ch10	41385681	41385681	0	SPIMPch10	44151017	44151046	29	SV_w_67254
Deletion	SL4.0ch12	58059714	58059729	15	SPIMPch12	61570940	61570940	0	SV_w_80715
Deletion	SL4.0ch03	6903700	6903754	54	SPIMPch03	7599596	7599596	0	SV_w_24427
Deletion/Substitution	SL4.0ch07	66319258	66319270	12	SPIMPch07	65901529	65901537	8	SV_w_47522
Deletion	SL4.0ch10	39822348	39822358	10	SPIMPch10	42071527	42071527	0	SV_w_66488
Deletion	SL4.0ch06	39168760	39168771	11	SPIMPch06	41348685	41348685	0	SV_w_42837
Insertion	SL4.0ch10	59751940	59751940	0	SPIMPch10	63075112	63075124	12	SV_w_69932
Insertion	SL4.0ch04	44769275	44769275	0	SPIMPch04	47032098	47032108	10	SV_w_26446
Insertion	SL4.0ch08	53233952	53233952	0	SPIMPch08	55783246	55783276	30	SV_w_54802
Insertion	SL4.0ch07	54310030	54310030	0	SPIMPch07	53676832	53676844	12	SV_w_49304
Deletion	SL4.0ch04	31697300	31697312	12	SPIMPch04	33037873	33037873	0	SV_w_29113
Insertion	SL4.0ch07	67819668	67819668	0	SPIMPch07	67385935	67385955	20	SV_w_46813
Deletion	SL4.0ch10	58466053	58466092	39	SPIMPch10	61788719	61788719	0	SV_w_68286
Insertion	SL4.0ch08	59533935	59533935	0	SPIMPch08	62211333	62211352	19	SV_w_55924
Deletion	SL4.0ch01	88340552	88340565	13	SPIMPch01	92926476	92926476	0	SV_w_7972
Deletion	SL4.0ch04	44205911	44205946	35	SPIMPch04	46438838	46438838	0	SV_w_32197
Deletion	SL4.0ch02	45373594	45373623	29	SPIMPch02	47411498	47411498	0	SV_w_13076
Insertion	SL4.0ch01	26595293	26595293	0	SPIMPch01	30048950	30048968	18	SV_w_1264
Insertion	SL4.0ch04	43510968	43510968	0	SPIMPch04	45705498	45705508	10	SV_w_27499
Insertion	SL4.0ch03	59651727	59651727	0	SPIMPch03	60201016	60201091	75	SV_w_21192
Deletion	SL4.0ch03	44646105	44646126	21	SPIMPch03	44906072	44906072	0	SV_w_19601
Insertion	SL4.0ch09	61323096	61323096	0	SPIMPch09	64014214	64014224	10	SV_w_65113
Insertion	SL4.0ch01	48967855	48967855	0	SPIMPch01	53327589	53328179	590	SV_w_9771
Deletion	SL4.0ch02	35985614	35985710	96	SPIMPch02	37868358	37868358	0	SV_w_16967
Deletion	SL4.0ch03	35454207	35454271	64	SPIMPch03	38308661	38308661	0	SV_w_84429
Insertion	SL4.0ch11	44385342	44385342	0	SPIMPch11	47041846	47041859	13	SV_w_88901
Deletion	SL4.0ch06	43124052	43124062	10	SPIMPch06	45353894	45353894	0	SV_w_40369
Deletion	SL4.0ch06	24133018	24133208	190	SPIMPch06	25201139	25201139	0	SV_w_85460
Insertion	SL4.0ch08	536801	536801	0	SPIMPch08	559265	559275	10	SV_w_59704
Insertion	SL4.0ch08	55710226	55710226	0	SPIMPch08	58278604	58278622	18	SV_w_58183
Tandem_expansion/INS	SL4.0ch07	2339655	2339655	0	SPIMPch07	2412544	2417989	5445	SV_b_22661a
Insertion	SL4.0ch06	30876698	30876698	0	SPIMPch06	32919338	32919405	67	SV_w_44565
Deletion	SL4.0ch05	11378305	11378465	160	SPIMPch05	11731660	11731660	0	SV_w_38398
Insertion	SL4.0ch06	39622403	39622403	0	SPIMPch06	41817751	41817762	11	SV_w_43084
Insertion	SL4.0ch07	5132519	5132519	0	SPIMPch07	5159572	5159592	20	SV_w_50497
Insertion	SL4.0ch02	32442357	32442357	0	SPIMPch02	34312013	34312064	51	SV_w_17220
Deletion	SL4.0ch01	89788048	89797479	9431	SPIMPch01	94414448	94414448	0	SV_w_6932
Insertion	SL4.0ch11	49751480	49751480	0	SPIMPch11	51472997	51473329	332	SV_w_75338
Deletion	SL4.0ch01	53637776	53637792	16	SPIMPch01	57905960	57905960	0	SV_w_239
Deletion	SL4.0ch02	37641386	37641398	12	SPIMPch02	39578665	39578665	0	SV_w_13576
Deletion	SL4.0ch10	35644349	35644362	13	SPIMPch10	37515552	37515552	0	SV_w_67781
Deletion	SL4.0ch01	81197902	81198011	109	SPIMPch01	85848515	85848515	0	SV_w_9296
Insertion	SL4.0ch09	4721933	4721933	0	SPIMPch09	4811207	4811247	40	SV_w_63038
Insertion	SL4.0ch05	9509256	9509256	0	SPIMPch05	9745381	9745399	18	SV_w_34260
Insertion	SL4.0ch07	67395598	67395598	0	SPIMPch07	66962189	66962199	10	SV_w_47342
Insertion	SL4.0ch12	14160125	14160125	0	SPIMPch12	14124971	14125065	94	SV_w_77214
Insertion	SL4.0ch12	24066983	24066983	0	SPIMPch12	25136271	25136301	30	SV_w_78269
Insertion	SL4.0ch10	13982870	13982870	0	SPIMPch10	24468799	24468832	33	SV_w_87700
Deletion	SL4.0ch11	3241228	3241280	52	SPIMPch11	3237726	3237726	0	SV_w_74071
Deletion	SL4.0ch01	11304210	11304222	12	SPIMPch01	18604913	18604913	0	SV_w_625
Deletion	SL4.0ch10	8999442	8999458	16	SPIMPch10	9016684	9016684	0	SV_w_67076
Deletion	SL4.0ch12	63166908	63166922	14	SPIMPch12	66661743	66661743	0	SV_w_81815
Deletion	SL4.0ch02	22207237	22207256	19	SPIMPch02	23655491	23655491	0	SV_w_14657
Deletion	SL4.0ch04	50025552	50025586	34	SPIMPch04	52455879	52455879	0	SV_w_27393
Insertion	SL4.0ch06	41063518	41063518	0	SPIMPch06	43266894	43267004	110	SV_w_41468
Insertion	SL4.0ch05	8199499	8199499	0	SPIMPch05	8435486	8435505	19	SV_w_37951
Insertion	SL4.0ch07	47939889	47939889	0	SPIMPch07	47238626	47238731	105	SV_w_46464
Insertion	SL4.0ch01	9622126	9622126	0	SPIMPch01	22608980	22608990	10	SV_w_92805
Insertion	SL4.0ch12	51764902	51764902	0	SPIMPch12	55039117	55039151	34	SV_w_79267
Insertion	SL4.0ch04	56482435	56482435	0	SPIMPch04	58951939	58951959	20	SV_w_30430
Deletion	SL4.0ch05	7192118	7193128	1010	SPIMPch05	7539619	7539619	0	SV_w_36465
Deletion	SL4.0ch02	49328413	49328517	104	SPIMPch02	51553362	51553362	0	SV_w_13359
Deletion	SL4.0ch12	62459537	62459619	82	SPIMPch12	65992949	65992949	0	SV_w_80191
Insertion	SL4.0ch10	38441961	38441961	0	SPIMPch10	40684307	40684490	183	SV_w_66534
Insertion	SL4.0ch07	56027975	56027975	0	SPIMPch07	55334255	55339014	4759	SV_w_52826
Deletion	SL4.0ch08	39896136	39896169	33	SPIMPch08	42597382	42597382	0	SV_w_54695
Deletion	SL4.0ch02	4821339	4821447	108	SPIMPch02	5036480	5036480	0	SV_w_12392
Insertion	SL4.0ch12	9760237	9760237	0	SPIMPch12	9811306	9811896	590	SV_w_78285
Deletion	SL4.0ch06	8661693	8662489	796	SPIMPch06	9128610	9128610	0	SV_w_43146
Deletion	SL4.0ch09	55826994	55827008	14	SPIMPch09	58483547	58483547	0	SV_w_61567
Deletion	SL4.0ch01	62385749	62385801	52	SPIMPch01	67083518	67083518	0	SV_w_2364
Insertion	SL4.0ch01	9585963	9585963	0	SPIMPch01	23541240	23541287	47	SV_w_83779
Deletion	SL4.0ch10	52381615	52381651	36	SPIMPch10	55410573	55410573	0	SV_w_66791
Insertion	SL4.0ch10	33704918	33704918	0	SPIMPch10	35465916	35465935	19	SV_w_68030
Insertion	SL4.0ch03	17965721	17965722	1	SPIMPch03	18483871	18493024	9153	SV_b_19659
Deletion	SL4.0ch07	41734603	41734615	12	SPIMPch07	41116355	41116355	0	SV_w_51984
Deletion	SL4.0ch05	6646815	6646835	20	SPIMPch05	6997601	6997601	0	SV_w_38100
Deletion	SL4.0ch05	18468724	18468737	13	SPIMPch05	18841361	18841361	0	SV_w_33967
Insertion	SL4.0ch07	7403287	7403287	0	SPIMPch07	7352784	7352802	18	SV_w_45965
Insertion	SL4.0ch01	35484029	35484029	0	SPIMPch01	40456945	40457225	280	SV_w_10185
Deletion	SL4.0ch04	28041629	28041651	22	SPIMPch04	29371740	29371740	0	SV_w_27150
Deletion	SL4.0ch12	29853140	29853157	17	SPIMPch12	32426879	32426879	0	SV_w_78854
Deletion	SL4.0ch02	37254951	37254975	24	SPIMPch02	39189236	39189236	0	SV_w_14726
Deletion	SL4.0ch10	3780143	3780157	14	SPIMPch10	3990710	3990710	0	SV_w_68837
Deletion	SL4.0ch04	57865202	57865226	24	SPIMPch04	60389129	60389129	0	SV_w_32890
Deletion	SL4.0ch03	56735222	56735756	534	SPIMPch03	57336391	57336391	0	SV_w_21053
Tandem_expansion	SL4.0ch10	41376415	41377253	-838	SPIMPch10	43821623	43821672	49	SV_b_12249
Substitution	SL4.0ch01	1350000	1350085	85	SPIMPch01	1451603	1451691	88	SV_b_17202
Repeat_expansion	SL4.0ch01	5508653	5514685	6032	SPIMPch01	5791825	5802977	11152	SV_b_17358
Repeat_expansion	SL4.0ch01	10449285	10449435	150	SPIMPch01	22622978	22623178	200	SV_b_17462
Tandem_expansion	SL4.0ch01	18406173	18407858	-1685	SPIMPch01	11408446	11409087	641	SV_b_17566
Substitution	SL4.0ch01	26292085	26292097	12	SPIMPch01	29758696	29758700	4	SV_b_17660
Repeat_expansion	SL4.0ch01	34802499	34807337	4838	SPIMPch01	38826549	38831854	5305	SV_b_17766
Substitution	SL4.0ch01	40640300	40642336	2036	SPIMPch01	50347636	50349676	2040	SV_b_17855
Substitution	SL4.0ch01	47299499	47299552	53	SPIMPch01	51518501	51518558	57	SV_b_17945
Substitution	SL4.0ch01	58678632	58678917	285	SPIMPch01	63410398	63410693	295	SV_b_18061
Repeat_expansion	SL4.0ch01	69557494	69558584	1090	SPIMPch01	74160912	74164540	3628	SV_b_18165
Substitution	SL4.0ch01	75929884	75929939	55	SPIMPch01	80585693	80585751	58	SV_b_18318
Substitution	SL4.0ch01	83905752	83905926	174	SPIMPch01	88552003	88552173	170	SV_b_18450
Repeat_expansion	SL4.0ch01	88511088	88516206	5118	SPIMPch01	93106619	93127738	21119	SV_b_18551
Repeat_expansion	SL4.0ch02	9513476	9513596	120	SPIMPch02	10143018	10143157	139	SV_b_18671
Repeat_expansion	SL4.0ch02	17416640	17417618	978	SPIMPch02	17008516	17019434	10918	SV_b_18746
Tandem_expansion	SL4.0ch02	27483629	27484020	-391	SPIMPch02	28645079	28645395	316	SV_b_18848
Repeat_expansion	SL4.0ch02	33912931	33918836	5905	SPIMPch02	35802329	35811801	9472	SV_b_18961
Repeat_contraction	SL4.0ch02	38820810	38825926	5116	SPIMPch02	40755283	40755380	97	SV_b_19090
Repeat_contraction	SL4.0ch02	47098918	47105977	7059	SPIMPch02	49348868	49350181	1313	SV_b_19257
Repeat_contraction	SL4.0ch02	53391838	53410261	18423	SPIMPch02	55586614	55590851	4237	SV_b_19361
Substitution	SL4.0ch03	3692223	3692272	49	SPIMPch03	3677508	3677560	52	SV_b_19486
Tandem_contraction	SL4.0ch03	9667464	9667491	27	SPIMPch03	10325229	10325736	-507	SV_b_19585
Repeat_expansion	SL4.0ch03	22612545	22612649	104	SPIMPch03	23072634	23073203	569	SV_b_19689
Tandem_expansion	SL4.0ch03	34875463	34876609	-1146	SPIMPch03	38929594	38929621	27	SV_b_19800
Repeat_expansion	SL4.0ch03	41262179	41262209	30	SPIMPch03	43454544	43454606	62	SV_b_19885
Repeat_expansion	SL4.0ch03	49854074	49854515	441	SPIMPch03	50184836	50185497	661	SV_b_19980
Repeat_contraction	SL4.0ch03	57236983	57240657	3674	SPIMPch03	57794205	57794329	124	SV_b_20124
Substitution	SL4.0ch03	61023366	61023948	582	SPIMPch03	52463149	52463757	608	SV_b_20243
Repeat_expansion	SL4.0ch04	3484484	3484642	158	SPIMPch04	3466732	3478740	12008	SV_b_20407
Substitution	SL4.0ch04	8759381	8759416	35	SPIMPch04	9041476	9041512	36	SV_b_20513
Tandem_expansion	SL4.0ch04	30772696	30774285	-1589	SPIMPch04	32213017	32218512	5495	SV_b_20659
Repeat_expansion	SL4.0ch04	48729802	48729829	27	SPIMPch04	51097648	51117212	19564	SV_b_20829
Repeat_expansion	SL4.0ch04	57088896	57089075	179	SPIMPch04	59575637	59584913	9276	SV_b_20977
Repeat_expansion	SL4.0ch04	62387880	62389119	1239	SPIMPch04	64858551	64871032	12481	SV_b_21114
Tandem_expansion	SL4.0ch05	3749158	3749210	-52	SPIMPch05	3880666	3890512	9846	SV_b_21285
Repeat_contraction	SL4.0ch05	7511465	7531367	19902	SPIMPch05	7846010	7853820	7810	SV_b_21413
Substitution	SL4.0ch05	28316359	28316398	39	SPIMPch05	29194187	29194220	33	SV_b_21527
Repeat_expansion	SL4.0ch05	52834819	52834974	155	SPIMPch05	54124972	54125771	799	SV_b_21660
Substitution	SL4.0ch05	61932009	61932283	274	SPIMPch05	63446022	63446290	268	SV_b_21787
Repeat_contraction	SL4.0ch06	1352232	1352482	250	SPIMPch06	1404519	1404688	169	SV_b_21916
Repeat_contraction	SL4.0ch06	13458695	13459633	938	SPIMPch06	14692824	14692874	50	SV_b_22058
Tandem_contraction	SL4.0ch06	26239629	26245932	6303	SPIMPch06	22708439	22708454	-15	SV_b_22173
Repeat_expansion	SL4.0ch06	31237489	31238471	982	SPIMPch06	33286071	33289412	3341	SV_b_22241
Repeat_contraction	SL4.0ch06	37583733	37584338	605	SPIMPch06	39674560	39674853	293	SV_b_22371
Repeat_expansion	SL4.0ch06	43024882	43026274	1392	SPIMPch06	45246816	45249055	2239	SV_b_22490
Repeat_expansion	SL4.0ch07	2048465	2050322	1857	SPIMPch07	2089846	2113942	24096	SV_b_22653
Tandem_expansion	SL4.0ch07	11940759	11941990	-1231	SPIMPch07	12346742	12346765	23	SV_b_22780
Substitution	SL4.0ch07	27525989	27526313	324	SPIMPch07	27356924	27357249	325	SV_b_22900
Tandem_expansion	SL4.0ch07	38944620	38950249	-5629	SPIMPch07	38322533	38322624	91	SV_b_22990
Substitution	SL4.0ch07	43847866	43849385	1519	SPIMPch07	43294387	43295884	1497	SV_b_23056
Repeat_contraction	SL4.0ch07	58417211	58418786	1575	SPIMPch07	57733452	57734499	1047	SV_b_23211
Repeat_expansion	SL4.0ch07	62866236	62868192	1956	SPIMPch07	62348592	62358188	9596	SV_b_23340
Substitution	SL4.0ch08	102632	103512	880	SPIMPch08	106894	107750	856	SV_b_23457
Repeat_expansion	SL4.0ch08	3136113	3137323	1210	SPIMPch08	3216599	3220874	4275	SV_b_23568
Repeat_expansion	SL4.0ch08	13450803	13450828	25	SPIMPch08	15277965	15278003	38	SV_b_23674
Repeat_contraction	SL4.0ch08	30221285	30221335	50	SPIMPch08	32590301	32590337	36	SV_b_23798
Repeat_contraction	SL4.0ch08	42007040	42017571	10531	SPIMPch08	44580863	44590138	9275	SV_b_23894
Tandem_contraction	SL4.0ch08	53717026	53733798	16772	SPIMPch08	56274312	56274675	-363	SV_b_23987
Repeat_contraction	SL4.0ch08	58050696	58052519	1823	SPIMPch08	60718875	60720220	1345	SV_b_24090
Repeat_expansion	SL4.0ch09	1536222	1536303	81	SPIMPch09	1549962	1550058	96	SV_b_24233
Repeat_contraction	SL4.0ch09	6826983	6827038	55	SPIMPch09	7080694	7080707	13	SV_b_24360
Tandem_expansion	SL4.0ch09	38607698	38609483	-1785	SPIMPch09	40760172	40765415	5243	SV_b_24490
Substitution	SL4.0ch09	59399453	59399683	230	SPIMPch09	62107417	62107646	229	SV_b_24590
Tandem_contraction	SL4.0ch09	64297132	64300498	3366	SPIMPch09	67009312	67009893	-581	SV_b_24708
Tandem_expansion	SL4.0ch09	67716832	67718067	-1235	SPIMPch09	70439455	70443174	3719	SV_b_24833
Tandem_expansion	SL4.0ch10	3200586	3201513	-927	SPIMPch10	3322728	3322746	18	SV_b_24971
Tandem_contraction	SL4.0ch10	16620449	16625743	5294	SPIMPch10	22447581	22449459	-1878	SV_b_25075
Substitution	SL4.0ch10	33562945	33563087	142	SPIMPch10	35323260	35323400	140	SV_b_25186
Repeat_contraction	SL4.0ch10	46970823	46970973	150	SPIMPch10	49907019	49907096	77	SV_b_25291
Repeat_contraction	SL4.0ch10	58542783	58562459	19676	SPIMPch10	61874772	61883769	8997	SV_b_25413
Repeat_expansion	SL4.0ch11	258180	258391	211	SPIMPch11	262592	262822	230	SV_b_25570
Tandem_contraction	SL4.0ch11	5233170	5233197	27	SPIMPch11	5168180	5173790	-5610	SV_b_25687
Tandem_contraction	SL4.0ch11	14882517	14890805	8288	SPIMPch11	14991246	14991405	-159	SV_b_25810
Repeat_expansion	SL4.0ch11	26547868	26548354	486	SPIMPch11	27796137	27805389	9252	SV_b_25888
Repeat_expansion	SL4.0ch11	48297007	48299687	2680	SPIMPch11	49922331	49944493	22162	SV_b_26014
Repeat_expansion	SL4.0ch11	51939962	51942161	2199	SPIMPch11	53646093	53648534	2441	SV_b_26123
Repeat_expansion	SL4.0ch12	2528655	2528837	182	SPIMPch12	2486303	2486497	194	SV_b_26303
Repeat_contraction	SL4.0ch12	5159122	5163849	4727	SPIMPch12	5254134	5257668	3534	SV_b_26386
Repeat_contraction	SL4.0ch12	23222552	23252697	30145	SPIMPch12	24266272	24268335	2063	SV_b_26508
Tandem_contraction	SL4.0ch12	45888618	45893788	5170	SPIMPch12	49154927	49157223	-2296	SV_b_26618
Tandem_expansion	SL4.0ch01	85875416	85884377	-8961	SPIMPch01	90504545	90504547	2	SV_b_2672
Substitution	SL4.0ch12	64516494	64516615	121	SPIMPch12	68085106	68085228	122	SV_b_26871
Repeat_expansion	SL4.0ch04	54101242	54101726	484	SPIMPch04	56567373	56584140	16767	SV_b_27010
Substitution	SL4.0ch10	43979257	43979268	11	SPIMPch10	46706656	46706658	2	SV_b_27124
Tandem_expansion	SL4.0ch04	51699625	51715030	-15405	SPIMPch04	54119407	54120177	770	SV_b_5996
